scheme_name,scheme_code,fund_house,isin_div_reinvestment,isin_growth,scheme_category,scheme_code,scheme_name,scheme_type,date,nav
Nippon Large Cap,118632,Nippon India Mutual Fund,,INF204K01XI3,Equity Scheme - Large Cap Fund,118632,Nippon Large Cap,Open Ended Schemes,03-06-2026,97.21670
Nippon Large Cap,118632,Nippon India Mutual Fund,,INF204K01XI3,Equity Scheme - Large Cap Fund,118632,Nippon Large Cap,Open Ended Schemes,02-06-2026,97.47830
Nippon Large Cap,118632,Nippon India Mutual Fund,,INF204K01XI3,Equity Scheme - Large Cap Fund,118632,Nippon Large Cap,Open Ended Schemes,01-06-2026,97.19440
Nippon Large Cap,118632,Nippon India Mutual Fund,,INF204K01XI3,Equity Scheme - Large Cap Fund,118632,Nippon Large Cap,Open Ended Schemes,29-05-2026,98.46560
Nippon Large Cap,118632,Nippon India Mutual Fund,,INF204K01XI3,Equity Scheme - Large Cap Fund,118632,Nippon Large Cap,Open Ended Schemes,27-05-2026,99.80920
Nippon Large Cap,118632,Nippon India Mutual Fund,,INF204K01XI3,Equity Scheme - Large Cap Fund,118632,Nippon Large Cap,Open Ended Schemes,26-05-2026,99.43560
Nippon Large Cap,118632,Nippon India Mutual Fund,,INF204K01XI3,Equity Scheme - Large Cap Fund,118632,Nippon Large Cap,Open Ended Schemes,25-05-2026,99.80470
Nippon Large Cap,118632,Nippon India Mutual Fund,,INF204K01XI3,Equity Scheme - Large Cap Fund,118632,Nippon Large Cap,Open Ended Schemes,22-05-2026,98.74970
Nippon Large Cap,118632,Nippon India Mutual Fund,,INF204K01XI3,Equity Scheme - Large Cap Fund,118632,Nippon Large Cap,Open Ended Schemes,21-05-2026,98.37810
Nippon Large Cap,118632,Nippon India Mutual Fund,,INF204K01XI3,Equity Scheme - Large Cap Fund,118632,Nippon Large Cap,Open Ended Schemes,20-05-2026,98.39330
Nippon Large Cap,118632,Nippon India Mutual Fund,,INF204K01XI3,Equity Scheme - Large Cap Fund,118632,Nippon Large Cap,Open Ended Schemes,19-05-2026,98.12890
Nippon Large Cap,118632,Nippon India Mutual Fund,,INF204K01XI3,Equity Scheme - Large Cap Fund,118632,Nippon Large Cap,Open Ended Schemes,18-05-2026,97.93720
Nippon Large Cap,118632,Nippon India Mutual Fund,,INF204K01XI3,Equity Scheme - Large Cap Fund,118632,Nippon Large Cap,Open Ended Schemes,15-05-2026,98.00590
Nippon Large Cap,118632,Nippon India Mutual Fund,,INF204K01XI3,Equity Scheme - Large Cap Fund,118632,Nippon Large Cap,Open Ended Schemes,14-05-2026,98.06060
Nippon Large Cap,118632,Nippon India Mutual Fund,,INF204K01XI3,Equity Scheme - Large Cap Fund,118632,Nippon Large Cap,Open Ended Schemes,13-05-2026,97.16900
Nippon Large Cap,118632,Nippon India Mutual Fund,,INF204K01XI3,Equity Scheme - Large Cap Fund,118632,Nippon Large Cap,Open Ended Schemes,12-05-2026,97.18460
Nippon Large Cap,118632,Nippon India Mutual Fund,,INF204K01XI3,Equity Scheme - Large Cap Fund,118632,Nippon Large Cap,Open Ended Schemes,11-05-2026,99.20070
Nippon Large Cap,118632,Nippon India Mutual Fund,,INF204K01XI3,Equity Scheme - Large Cap Fund,118632,Nippon Large Cap,Open Ended Schemes,08-05-2026,100.49810
Nippon Large Cap,118632,Nippon India Mutual Fund,,INF204K01XI3,Equity Scheme - Large Cap Fund,118632,Nippon Large Cap,Open Ended Schemes,07-05-2026,101.29170
Nippon Large Cap,118632,Nippon India Mutual Fund,,INF204K01XI3,Equity Scheme - Large Cap Fund,118632,Nippon Large Cap,Open Ended Schemes,06-05-2026,101.17250
Nippon Large Cap,118632,Nippon India Mutual Fund,,INF204K01XI3,Equity Scheme - Large Cap Fund,118632,Nippon Large Cap,Open Ended Schemes,05-05-2026,99.90720
Nippon Large Cap,118632,Nippon India Mutual Fund,,INF204K01XI3,Equity Scheme - Large Cap Fund,118632,Nippon Large Cap,Open Ended Schemes,04-05-2026,100.09320
Nippon Large Cap,118632,Nippon India Mutual Fund,,INF204K01XI3,Equity Scheme - Large Cap Fund,118632,Nippon Large Cap,Open Ended Schemes,30-04-2026,99.55020
Nippon Large Cap,118632,Nippon India Mutual Fund,,INF204K01XI3,Equity Scheme - Large Cap Fund,118632,Nippon Large Cap,Open Ended Schemes,29-04-2026,100.39280
Nippon Large Cap,118632,Nippon India Mutual Fund,,INF204K01XI3,Equity Scheme - Large Cap Fund,118632,Nippon Large Cap,Open Ended Schemes,28-04-2026,99.97820
Nippon Large Cap,118632,Nippon India Mutual Fund,,INF204K01XI3,Equity Scheme - Large Cap Fund,118632,Nippon Large Cap,Open Ended Schemes,27-04-2026,100.60930
Nippon Large Cap,118632,Nippon India Mutual Fund,,INF204K01XI3,Equity Scheme - Large Cap Fund,118632,Nippon Large Cap,Open Ended Schemes,24-04-2026,99.76000
Nippon Large Cap,118632,Nippon India Mutual Fund,,INF204K01XI3,Equity Scheme - Large Cap Fund,118632,Nippon Large Cap,Open Ended Schemes,23-04-2026,100.80160
Nippon Large Cap,118632,Nippon India Mutual Fund,,INF204K01XI3,Equity Scheme - Large Cap Fund,118632,Nippon Large Cap,Open Ended Schemes,22-04-2026,101.58030
Nippon Large Cap,118632,Nippon India Mutual Fund,,INF204K01XI3,Equity Scheme - Large Cap Fund,118632,Nippon Large Cap,Open Ended Schemes,21-04-2026,101.96450
Nippon Large Cap,118632,Nippon India Mutual Fund,,INF204K01XI3,Equity Scheme - Large Cap Fund,118632,Nippon Large Cap,Open Ended Schemes,20-04-2026,100.95660
Nippon Large Cap,118632,Nippon India Mutual Fund,,INF204K01XI3,Equity Scheme - Large Cap Fund,118632,Nippon Large Cap,Open Ended Schemes,17-04-2026,100.79030
Nippon Large Cap,118632,Nippon India Mutual Fund,,INF204K01XI3,Equity Scheme - Large Cap Fund,118632,Nippon Large Cap,Open Ended Schemes,16-04-2026,99.92630
Nippon Large Cap,118632,Nippon India Mutual Fund,,INF204K01XI3,Equity Scheme - Large Cap Fund,118632,Nippon Large Cap,Open Ended Schemes,15-04-2026,99.88430
Nippon Large Cap,118632,Nippon India Mutual Fund,,INF204K01XI3,Equity Scheme - Large Cap Fund,118632,Nippon Large Cap,Open Ended Schemes,13-04-2026,98.18510
Nippon Large Cap,118632,Nippon India Mutual Fund,,INF204K01XI3,Equity Scheme - Large Cap Fund,118632,Nippon Large Cap,Open Ended Schemes,10-04-2026,98.88860
Nippon Large Cap,118632,Nippon India Mutual Fund,,INF204K01XI3,Equity Scheme - Large Cap Fund,118632,Nippon Large Cap,Open Ended Schemes,09-04-2026,97.49480
Nippon Large Cap,118632,Nippon India Mutual Fund,,INF204K01XI3,Equity Scheme - Large Cap Fund,118632,Nippon Large Cap,Open Ended Schemes,08-04-2026,98.18610
Nippon Large Cap,118632,Nippon India Mutual Fund,,INF204K01XI3,Equity Scheme - Large Cap Fund,118632,Nippon Large Cap,Open Ended Schemes,07-04-2026,94.75840
Nippon Large Cap,118632,Nippon India Mutual Fund,,INF204K01XI3,Equity Scheme - Large Cap Fund,118632,Nippon Large Cap,Open Ended Schemes,06-04-2026,94.35300
Nippon Large Cap,118632,Nippon India Mutual Fund,,INF204K01XI3,Equity Scheme - Large Cap Fund,118632,Nippon Large Cap,Open Ended Schemes,02-04-2026,93.23610
Nippon Large Cap,118632,Nippon India Mutual Fund,,INF204K01XI3,Equity Scheme - Large Cap Fund,118632,Nippon Large Cap,Open Ended Schemes,01-04-2026,92.92110
Nippon Large Cap,118632,Nippon India Mutual Fund,,INF204K01XI3,Equity Scheme - Large Cap Fund,118632,Nippon Large Cap,Open Ended Schemes,31-03-2026,91.45390
Nippon Large Cap,118632,Nippon India Mutual Fund,,INF204K01XI3,Equity Scheme - Large Cap Fund,118632,Nippon Large Cap,Open Ended Schemes,30-03-2026,91.45500
Nippon Large Cap,118632,Nippon India Mutual Fund,,INF204K01XI3,Equity Scheme - Large Cap Fund,118632,Nippon Large Cap,Open Ended Schemes,27-03-2026,93.57900
Nippon Large Cap,118632,Nippon India Mutual Fund,,INF204K01XI3,Equity Scheme - Large Cap Fund,118632,Nippon Large Cap,Open Ended Schemes,25-03-2026,95.62170
Nippon Large Cap,118632,Nippon India Mutual Fund,,INF204K01XI3,Equity Scheme - Large Cap Fund,118632,Nippon Large Cap,Open Ended Schemes,24-03-2026,93.83540
Nippon Large Cap,118632,Nippon India Mutual Fund,,INF204K01XI3,Equity Scheme - Large Cap Fund,118632,Nippon Large Cap,Open Ended Schemes,23-03-2026,92.15230
Nippon Large Cap,118632,Nippon India Mutual Fund,,INF204K01XI3,Equity Scheme - Large Cap Fund,118632,Nippon Large Cap,Open Ended Schemes,20-03-2026,94.82760
Nippon Large Cap,118632,Nippon India Mutual Fund,,INF204K01XI3,Equity Scheme - Large Cap Fund,118632,Nippon Large Cap,Open Ended Schemes,19-03-2026,94.54580
Nippon Large Cap,118632,Nippon India Mutual Fund,,INF204K01XI3,Equity Scheme - Large Cap Fund,118632,Nippon Large Cap,Open Ended Schemes,18-03-2026,97.54880
Nippon Large Cap,118632,Nippon India Mutual Fund,,INF204K01XI3,Equity Scheme - Large Cap Fund,118632,Nippon Large Cap,Open Ended Schemes,17-03-2026,96.61460
Nippon Large Cap,118632,Nippon India Mutual Fund,,INF204K01XI3,Equity Scheme - Large Cap Fund,118632,Nippon Large Cap,Open Ended Schemes,16-03-2026,95.94410
Nippon Large Cap,118632,Nippon India Mutual Fund,,INF204K01XI3,Equity Scheme - Large Cap Fund,118632,Nippon Large Cap,Open Ended Schemes,13-03-2026,95.18440
Nippon Large Cap,118632,Nippon India Mutual Fund,,INF204K01XI3,Equity Scheme - Large Cap Fund,118632,Nippon Large Cap,Open Ended Schemes,12-03-2026,97.31000
Nippon Large Cap,118632,Nippon India Mutual Fund,,INF204K01XI3,Equity Scheme - Large Cap Fund,118632,Nippon Large Cap,Open Ended Schemes,11-03-2026,98.11390
Nippon Large Cap,118632,Nippon India Mutual Fund,,INF204K01XI3,Equity Scheme - Large Cap Fund,118632,Nippon Large Cap,Open Ended Schemes,10-03-2026,99.47250
Nippon Large Cap,118632,Nippon India Mutual Fund,,INF204K01XI3,Equity Scheme - Large Cap Fund,118632,Nippon Large Cap,Open Ended Schemes,09-03-2026,98.28950
Nippon Large Cap,118632,Nippon India Mutual Fund,,INF204K01XI3,Equity Scheme - Large Cap Fund,118632,Nippon Large Cap,Open Ended Schemes,06-03-2026,100.08290
Nippon Large Cap,118632,Nippon India Mutual Fund,,INF204K01XI3,Equity Scheme - Large Cap Fund,118632,Nippon Large Cap,Open Ended Schemes,05-03-2026,101.14220
Nippon Large Cap,118632,Nippon India Mutual Fund,,INF204K01XI3,Equity Scheme - Large Cap Fund,118632,Nippon Large Cap,Open Ended Schemes,04-03-2026,99.95100
Nippon Large Cap,118632,Nippon India Mutual Fund,,INF204K01XI3,Equity Scheme - Large Cap Fund,118632,Nippon Large Cap,Open Ended Schemes,02-03-2026,101.85410
Nippon Large Cap,118632,Nippon India Mutual Fund,,INF204K01XI3,Equity Scheme - Large Cap Fund,118632,Nippon Large Cap,Open Ended Schemes,27-02-2026,103.30520
Nippon Large Cap,118632,Nippon India Mutual Fund,,INF204K01XI3,Equity Scheme - Large Cap Fund,118632,Nippon Large Cap,Open Ended Schemes,26-02-2026,104.50750
Nippon Large Cap,118632,Nippon India Mutual Fund,,INF204K01XI3,Equity Scheme - Large Cap Fund,118632,Nippon Large Cap,Open Ended Schemes,25-02-2026,104.46410
Nippon Large Cap,118632,Nippon India Mutual Fund,,INF204K01XI3,Equity Scheme - Large Cap Fund,118632,Nippon Large Cap,Open Ended Schemes,24-02-2026,103.95640
Nippon Large Cap,118632,Nippon India Mutual Fund,,INF204K01XI3,Equity Scheme - Large Cap Fund,118632,Nippon Large Cap,Open Ended Schemes,23-02-2026,104.82030
Nippon Large Cap,118632,Nippon India Mutual Fund,,INF204K01XI3,Equity Scheme - Large Cap Fund,118632,Nippon Large Cap,Open Ended Schemes,20-02-2026,104.23510
Nippon Large Cap,118632,Nippon India Mutual Fund,,INF204K01XI3,Equity Scheme - Large Cap Fund,118632,Nippon Large Cap,Open Ended Schemes,19-02-2026,103.59180
Nippon Large Cap,118632,Nippon India Mutual Fund,,INF204K01XI3,Equity Scheme - Large Cap Fund,118632,Nippon Large Cap,Open Ended Schemes,18-02-2026,105.25590
Nippon Large Cap,118632,Nippon India Mutual Fund,,INF204K01XI3,Equity Scheme - Large Cap Fund,118632,Nippon Large Cap,Open Ended Schemes,17-02-2026,104.70840
Nippon Large Cap,118632,Nippon India Mutual Fund,,INF204K01XI3,Equity Scheme - Large Cap Fund,118632,Nippon Large Cap,Open Ended Schemes,16-02-2026,104.53610
Nippon Large Cap,118632,Nippon India Mutual Fund,,INF204K01XI3,Equity Scheme - Large Cap Fund,118632,Nippon Large Cap,Open Ended Schemes,13-02-2026,103.81480
Nippon Large Cap,118632,Nippon India Mutual Fund,,INF204K01XI3,Equity Scheme - Large Cap Fund,118632,Nippon Large Cap,Open Ended Schemes,12-02-2026,104.99220
Nippon Large Cap,118632,Nippon India Mutual Fund,,INF204K01XI3,Equity Scheme - Large Cap Fund,118632,Nippon Large Cap,Open Ended Schemes,11-02-2026,105.54260
Nippon Large Cap,118632,Nippon India Mutual Fund,,INF204K01XI3,Equity Scheme - Large Cap Fund,118632,Nippon Large Cap,Open Ended Schemes,10-02-2026,105.35720
Nippon Large Cap,118632,Nippon India Mutual Fund,,INF204K01XI3,Equity Scheme - Large Cap Fund,118632,Nippon Large Cap,Open Ended Schemes,09-02-2026,104.89980
Nippon Large Cap,118632,Nippon India Mutual Fund,,INF204K01XI3,Equity Scheme - Large Cap Fund,118632,Nippon Large Cap,Open Ended Schemes,06-02-2026,103.92040
Nippon Large Cap,118632,Nippon India Mutual Fund,,INF204K01XI3,Equity Scheme - Large Cap Fund,118632,Nippon Large Cap,Open Ended Schemes,05-02-2026,103.75900
Nippon Large Cap,118632,Nippon India Mutual Fund,,INF204K01XI3,Equity Scheme - Large Cap Fund,118632,Nippon Large Cap,Open Ended Schemes,04-02-2026,104.07640
Nippon Large Cap,118632,Nippon India Mutual Fund,,INF204K01XI3,Equity Scheme - Large Cap Fund,118632,Nippon Large Cap,Open Ended Schemes,03-02-2026,103.85380
Nippon Large Cap,118632,Nippon India Mutual Fund,,INF204K01XI3,Equity Scheme - Large Cap Fund,118632,Nippon Large Cap,Open Ended Schemes,02-02-2026,101.24560
Nippon Large Cap,118632,Nippon India Mutual Fund,,INF204K01XI3,Equity Scheme - Large Cap Fund,118632,Nippon Large Cap,Open Ended Schemes,30-01-2026,102.23550
Nippon Large Cap,118632,Nippon India Mutual Fund,,INF204K01XI3,Equity Scheme - Large Cap Fund,118632,Nippon Large Cap,Open Ended Schemes,29-01-2026,102.39490
Nippon Large Cap,118632,Nippon India Mutual Fund,,INF204K01XI3,Equity Scheme - Large Cap Fund,118632,Nippon Large Cap,Open Ended Schemes,28-01-2026,101.84160
Nippon Large Cap,118632,Nippon India Mutual Fund,,INF204K01XI3,Equity Scheme - Large Cap Fund,118632,Nippon Large Cap,Open Ended Schemes,27-01-2026,100.89520
Nippon Large Cap,118632,Nippon India Mutual Fund,,INF204K01XI3,Equity Scheme - Large Cap Fund,118632,Nippon Large Cap,Open Ended Schemes,23-01-2026,100.51270
Nippon Large Cap,118632,Nippon India Mutual Fund,,INF204K01XI3,Equity Scheme - Large Cap Fund,118632,Nippon Large Cap,Open Ended Schemes,22-01-2026,101.53930
Nippon Large Cap,118632,Nippon India Mutual Fund,,INF204K01XI3,Equity Scheme - Large Cap Fund,118632,Nippon Large Cap,Open Ended Schemes,21-01-2026,100.89630
Nippon Large Cap,118632,Nippon India Mutual Fund,,INF204K01XI3,Equity Scheme - Large Cap Fund,118632,Nippon Large Cap,Open Ended Schemes,20-01-2026,101.29080
Nippon Large Cap,118632,Nippon India Mutual Fund,,INF204K01XI3,Equity Scheme - Large Cap Fund,118632,Nippon Large Cap,Open Ended Schemes,19-01-2026,102.92260
Nippon Large Cap,118632,Nippon India Mutual Fund,,INF204K01XI3,Equity Scheme - Large Cap Fund,118632,Nippon Large Cap,Open Ended Schemes,16-01-2026,103.21360
Nippon Large Cap,118632,Nippon India Mutual Fund,,INF204K01XI3,Equity Scheme - Large Cap Fund,118632,Nippon Large Cap,Open Ended Schemes,14-01-2026,103.31770
Nippon Large Cap,118632,Nippon India Mutual Fund,,INF204K01XI3,Equity Scheme - Large Cap Fund,118632,Nippon Large Cap,Open Ended Schemes,13-01-2026,103.37350
Nippon Large Cap,118632,Nippon India Mutual Fund,,INF204K01XI3,Equity Scheme - Large Cap Fund,118632,Nippon Large Cap,Open Ended Schemes,12-01-2026,103.62180
Nippon Large Cap,118632,Nippon India Mutual Fund,,INF204K01XI3,Equity Scheme - Large Cap Fund,118632,Nippon Large Cap,Open Ended Schemes,09-01-2026,103.46540
Nippon Large Cap,118632,Nippon India Mutual Fund,,INF204K01XI3,Equity Scheme - Large Cap Fund,118632,Nippon Large Cap,Open Ended Schemes,08-01-2026,104.33270
Nippon Large Cap,118632,Nippon India Mutual Fund,,INF204K01XI3,Equity Scheme - Large Cap Fund,118632,Nippon Large Cap,Open Ended Schemes,07-01-2026,105.60780
Nippon Large Cap,118632,Nippon India Mutual Fund,,INF204K01XI3,Equity Scheme - Large Cap Fund,118632,Nippon Large Cap,Open Ended Schemes,06-01-2026,105.70060
Nippon Large Cap,118632,Nippon India Mutual Fund,,INF204K01XI3,Equity Scheme - Large Cap Fund,118632,Nippon Large Cap,Open Ended Schemes,05-01-2026,105.71090
Nippon Large Cap,118632,Nippon India Mutual Fund,,INF204K01XI3,Equity Scheme - Large Cap Fund,118632,Nippon Large Cap,Open Ended Schemes,02-01-2026,106.12720
Nippon Large Cap,118632,Nippon India Mutual Fund,,INF204K01XI3,Equity Scheme - Large Cap Fund,118632,Nippon Large Cap,Open Ended Schemes,01-01-2026,105.40010
Nippon Large Cap,118632,Nippon India Mutual Fund,,INF204K01XI3,Equity Scheme - Large Cap Fund,118632,Nippon Large Cap,Open Ended Schemes,31-12-2025,105.34210
Nippon Large Cap,118632,Nippon India Mutual Fund,,INF204K01XI3,Equity Scheme - Large Cap Fund,118632,Nippon Large Cap,Open Ended Schemes,30-12-2025,104.59350
Nippon Large Cap,118632,Nippon India Mutual Fund,,INF204K01XI3,Equity Scheme - Large Cap Fund,118632,Nippon Large Cap,Open Ended Schemes,29-12-2025,104.71880
Nippon Large Cap,118632,Nippon India Mutual Fund,,INF204K01XI3,Equity Scheme - Large Cap Fund,118632,Nippon Large Cap,Open Ended Schemes,26-12-2025,104.99120
Nippon Large Cap,118632,Nippon India Mutual Fund,,INF204K01XI3,Equity Scheme - Large Cap Fund,118632,Nippon Large Cap,Open Ended Schemes,24-12-2025,105.35480
Nippon Large Cap,118632,Nippon India Mutual Fund,,INF204K01XI3,Equity Scheme - Large Cap Fund,118632,Nippon Large Cap,Open Ended Schemes,23-12-2025,105.53810
Nippon Large Cap,118632,Nippon India Mutual Fund,,INF204K01XI3,Equity Scheme - Large Cap Fund,118632,Nippon Large Cap,Open Ended Schemes,22-12-2025,105.33800
Nippon Large Cap,118632,Nippon India Mutual Fund,,INF204K01XI3,Equity Scheme - Large Cap Fund,118632,Nippon Large Cap,Open Ended Schemes,19-12-2025,104.74950
Nippon Large Cap,118632,Nippon India Mutual Fund,,INF204K01XI3,Equity Scheme - Large Cap Fund,118632,Nippon Large Cap,Open Ended Schemes,18-12-2025,104.06780
Nippon Large Cap,118632,Nippon India Mutual Fund,,INF204K01XI3,Equity Scheme - Large Cap Fund,118632,Nippon Large Cap,Open Ended Schemes,17-12-2025,104.19180
Nippon Large Cap,118632,Nippon India Mutual Fund,,INF204K01XI3,Equity Scheme - Large Cap Fund,118632,Nippon Large Cap,Open Ended Schemes,16-12-2025,104.47820
Nippon Large Cap,118632,Nippon India Mutual Fund,,INF204K01XI3,Equity Scheme - Large Cap Fund,118632,Nippon Large Cap,Open Ended Schemes,15-12-2025,105.18210
Nippon Large Cap,118632,Nippon India Mutual Fund,,INF204K01XI3,Equity Scheme - Large Cap Fund,118632,Nippon Large Cap,Open Ended Schemes,12-12-2025,105.27380
Nippon Large Cap,118632,Nippon India Mutual Fund,,INF204K01XI3,Equity Scheme - Large Cap Fund,118632,Nippon Large Cap,Open Ended Schemes,11-12-2025,104.65900
Nippon Large Cap,118632,Nippon India Mutual Fund,,INF204K01XI3,Equity Scheme - Large Cap Fund,118632,Nippon Large Cap,Open Ended Schemes,10-12-2025,104.01400
Nippon Large Cap,118632,Nippon India Mutual Fund,,INF204K01XI3,Equity Scheme - Large Cap Fund,118632,Nippon Large Cap,Open Ended Schemes,09-12-2025,104.26350
Nippon Large Cap,118632,Nippon India Mutual Fund,,INF204K01XI3,Equity Scheme - Large Cap Fund,118632,Nippon Large Cap,Open Ended Schemes,08-12-2025,104.37210
Nippon Large Cap,118632,Nippon India Mutual Fund,,INF204K01XI3,Equity Scheme - Large Cap Fund,118632,Nippon Large Cap,Open Ended Schemes,05-12-2025,105.41420
Nippon Large Cap,118632,Nippon India Mutual Fund,,INF204K01XI3,Equity Scheme - Large Cap Fund,118632,Nippon Large Cap,Open Ended Schemes,04-12-2025,105.04260
Nippon Large Cap,118632,Nippon India Mutual Fund,,INF204K01XI3,Equity Scheme - Large Cap Fund,118632,Nippon Large Cap,Open Ended Schemes,03-12-2025,105.02140
Nippon Large Cap,118632,Nippon India Mutual Fund,,INF204K01XI3,Equity Scheme - Large Cap Fund,118632,Nippon Large Cap,Open Ended Schemes,02-12-2025,105.23670
Nippon Large Cap,118632,Nippon India Mutual Fund,,INF204K01XI3,Equity Scheme - Large Cap Fund,118632,Nippon Large Cap,Open Ended Schemes,01-12-2025,105.53890
Nippon Large Cap,118632,Nippon India Mutual Fund,,INF204K01XI3,Equity Scheme - Large Cap Fund,118632,Nippon Large Cap,Open Ended Schemes,28-11-2025,105.68440
Nippon Large Cap,118632,Nippon India Mutual Fund,,INF204K01XI3,Equity Scheme - Large Cap Fund,118632,Nippon Large Cap,Open Ended Schemes,27-11-2025,105.68400
Nippon Large Cap,118632,Nippon India Mutual Fund,,INF204K01XI3,Equity Scheme - Large Cap Fund,118632,Nippon Large Cap,Open Ended Schemes,26-11-2025,105.57550
Nippon Large Cap,118632,Nippon India Mutual Fund,,INF204K01XI3,Equity Scheme - Large Cap Fund,118632,Nippon Large Cap,Open Ended Schemes,25-11-2025,104.17120
Nippon Large Cap,118632,Nippon India Mutual Fund,,INF204K01XI3,Equity Scheme - Large Cap Fund,118632,Nippon Large Cap,Open Ended Schemes,24-11-2025,104.32300
Nippon Large Cap,118632,Nippon India Mutual Fund,,INF204K01XI3,Equity Scheme - Large Cap Fund,118632,Nippon Large Cap,Open Ended Schemes,21-11-2025,104.86640
Nippon Large Cap,118632,Nippon India Mutual Fund,,INF204K01XI3,Equity Scheme - Large Cap Fund,118632,Nippon Large Cap,Open Ended Schemes,20-11-2025,105.60470
Nippon Large Cap,118632,Nippon India Mutual Fund,,INF204K01XI3,Equity Scheme - Large Cap Fund,118632,Nippon Large Cap,Open Ended Schemes,19-11-2025,105.13920
Nippon Large Cap,118632,Nippon India Mutual Fund,,INF204K01XI3,Equity Scheme - Large Cap Fund,118632,Nippon Large Cap,Open Ended Schemes,18-11-2025,104.60870
Nippon Large Cap,118632,Nippon India Mutual Fund,,INF204K01XI3,Equity Scheme - Large Cap Fund,118632,Nippon Large Cap,Open Ended Schemes,17-11-2025,105.12030
Nippon Large Cap,118632,Nippon India Mutual Fund,,INF204K01XI3,Equity Scheme - Large Cap Fund,118632,Nippon Large Cap,Open Ended Schemes,14-11-2025,104.68640
Nippon Large Cap,118632,Nippon India Mutual Fund,,INF204K01XI3,Equity Scheme - Large Cap Fund,118632,Nippon Large Cap,Open Ended Schemes,13-11-2025,104.66240
Nippon Large Cap,118632,Nippon India Mutual Fund,,INF204K01XI3,Equity Scheme - Large Cap Fund,118632,Nippon Large Cap,Open Ended Schemes,12-11-2025,104.68290
Nippon Large Cap,118632,Nippon India Mutual Fund,,INF204K01XI3,Equity Scheme - Large Cap Fund,118632,Nippon Large Cap,Open Ended Schemes,11-11-2025,104.12420
Nippon Large Cap,118632,Nippon India Mutual Fund,,INF204K01XI3,Equity Scheme - Large Cap Fund,118632,Nippon Large Cap,Open Ended Schemes,10-11-2025,103.89120
Nippon Large Cap,118632,Nippon India Mutual Fund,,INF204K01XI3,Equity Scheme - Large Cap Fund,118632,Nippon Large Cap,Open Ended Schemes,07-11-2025,103.67120
Nippon Large Cap,118632,Nippon India Mutual Fund,,INF204K01XI3,Equity Scheme - Large Cap Fund,118632,Nippon Large Cap,Open Ended Schemes,06-11-2025,103.66830
Nippon Large Cap,118632,Nippon India Mutual Fund,,INF204K01XI3,Equity Scheme - Large Cap Fund,118632,Nippon Large Cap,Open Ended Schemes,04-11-2025,104.29600
Nippon Large Cap,118632,Nippon India Mutual Fund,,INF204K01XI3,Equity Scheme - Large Cap Fund,118632,Nippon Large Cap,Open Ended Schemes,03-11-2025,104.84940
Nippon Large Cap,118632,Nippon India Mutual Fund,,INF204K01XI3,Equity Scheme - Large Cap Fund,118632,Nippon Large Cap,Open Ended Schemes,31-10-2025,104.51020
Nippon Large Cap,118632,Nippon India Mutual Fund,,INF204K01XI3,Equity Scheme - Large Cap Fund,118632,Nippon Large Cap,Open Ended Schemes,30-10-2025,105.23760
Nippon Large Cap,118632,Nippon India Mutual Fund,,INF204K01XI3,Equity Scheme - Large Cap Fund,118632,Nippon Large Cap,Open Ended Schemes,29-10-2025,105.79850
Nippon Large Cap,118632,Nippon India Mutual Fund,,INF204K01XI3,Equity Scheme - Large Cap Fund,118632,Nippon Large Cap,Open Ended Schemes,28-10-2025,105.14300
Nippon Large Cap,118632,Nippon India Mutual Fund,,INF204K01XI3,Equity Scheme - Large Cap Fund,118632,Nippon Large Cap,Open Ended Schemes,27-10-2025,105.19740
Nippon Large Cap,118632,Nippon India Mutual Fund,,INF204K01XI3,Equity Scheme - Large Cap Fund,118632,Nippon Large Cap,Open Ended Schemes,24-10-2025,104.64410
Nippon Large Cap,118632,Nippon India Mutual Fund,,INF204K01XI3,Equity Scheme - Large Cap Fund,118632,Nippon Large Cap,Open Ended Schemes,23-10-2025,105.04290
Nippon Large Cap,118632,Nippon India Mutual Fund,,INF204K01XI3,Equity Scheme - Large Cap Fund,118632,Nippon Large Cap,Open Ended Schemes,20-10-2025,104.88000
Nippon Large Cap,118632,Nippon India Mutual Fund,,INF204K01XI3,Equity Scheme - Large Cap Fund,118632,Nippon Large Cap,Open Ended Schemes,17-10-2025,104.46730
Nippon Large Cap,118632,Nippon India Mutual Fund,,INF204K01XI3,Equity Scheme - Large Cap Fund,118632,Nippon Large Cap,Open Ended Schemes,16-10-2025,104.15940
Nippon Large Cap,118632,Nippon India Mutual Fund,,INF204K01XI3,Equity Scheme - Large Cap Fund,118632,Nippon Large Cap,Open Ended Schemes,15-10-2025,103.28250
Nippon Large Cap,118632,Nippon India Mutual Fund,,INF204K01XI3,Equity Scheme - Large Cap Fund,118632,Nippon Large Cap,Open Ended Schemes,14-10-2025,102.54390
Nippon Large Cap,118632,Nippon India Mutual Fund,,INF204K01XI3,Equity Scheme - Large Cap Fund,118632,Nippon Large Cap,Open Ended Schemes,13-10-2025,102.96800
Nippon Large Cap,118632,Nippon India Mutual Fund,,INF204K01XI3,Equity Scheme - Large Cap Fund,118632,Nippon Large Cap,Open Ended Schemes,10-10-2025,103.23600
Nippon Large Cap,118632,Nippon India Mutual Fund,,INF204K01XI3,Equity Scheme - Large Cap Fund,118632,Nippon Large Cap,Open Ended Schemes,09-10-2025,102.79680
Nippon Large Cap,118632,Nippon India Mutual Fund,,INF204K01XI3,Equity Scheme - Large Cap Fund,118632,Nippon Large Cap,Open Ended Schemes,08-10-2025,102.35640
Nippon Large Cap,118632,Nippon India Mutual Fund,,INF204K01XI3,Equity Scheme - Large Cap Fund,118632,Nippon Large Cap,Open Ended Schemes,07-10-2025,102.78830
Nippon Large Cap,118632,Nippon India Mutual Fund,,INF204K01XI3,Equity Scheme - Large Cap Fund,118632,Nippon Large Cap,Open Ended Schemes,06-10-2025,102.82960
Nippon Large Cap,118632,Nippon India Mutual Fund,,INF204K01XI3,Equity Scheme - Large Cap Fund,118632,Nippon Large Cap,Open Ended Schemes,03-10-2025,102.38350
Nippon Large Cap,118632,Nippon India Mutual Fund,,INF204K01XI3,Equity Scheme - Large Cap Fund,118632,Nippon Large Cap,Open Ended Schemes,01-10-2025,102.05810
Nippon Large Cap,118632,Nippon India Mutual Fund,,INF204K01XI3,Equity Scheme - Large Cap Fund,118632,Nippon Large Cap,Open Ended Schemes,30-09-2025,101.30000
Nippon Large Cap,118632,Nippon India Mutual Fund,,INF204K01XI3,Equity Scheme - Large Cap Fund,118632,Nippon Large Cap,Open Ended Schemes,26-09-2025,101.31250
Nippon Large Cap,118632,Nippon India Mutual Fund,,INF204K01XI3,Equity Scheme - Large Cap Fund,118632,Nippon Large Cap,Open Ended Schemes,25-09-2025,102.47420
Nippon Large Cap,118632,Nippon India Mutual Fund,,INF204K01XI3,Equity Scheme - Large Cap Fund,118632,Nippon Large Cap,Open Ended Schemes,24-09-2025,103.33380
Nippon Large Cap,118632,Nippon India Mutual Fund,,INF204K01XI3,Equity Scheme - Large Cap Fund,118632,Nippon Large Cap,Open Ended Schemes,23-09-2025,103.81340
Nippon Large Cap,118632,Nippon India Mutual Fund,,INF204K01XI3,Equity Scheme - Large Cap Fund,118632,Nippon Large Cap,Open Ended Schemes,22-09-2025,103.81050
Nippon Large Cap,118632,Nippon India Mutual Fund,,INF204K01XI3,Equity Scheme - Large Cap Fund,118632,Nippon Large Cap,Open Ended Schemes,19-09-2025,104.35090
Nippon Large Cap,118632,Nippon India Mutual Fund,,INF204K01XI3,Equity Scheme - Large Cap Fund,118632,Nippon Large Cap,Open Ended Schemes,18-09-2025,104.55310
Nippon Large Cap,118632,Nippon India Mutual Fund,,INF204K01XI3,Equity Scheme - Large Cap Fund,118632,Nippon Large Cap,Open Ended Schemes,17-09-2025,104.24380
Nippon Large Cap,118632,Nippon India Mutual Fund,,INF204K01XI3,Equity Scheme - Large Cap Fund,118632,Nippon Large Cap,Open Ended Schemes,16-09-2025,103.90140
Nippon Large Cap,118632,Nippon India Mutual Fund,,INF204K01XI3,Equity Scheme - Large Cap Fund,118632,Nippon Large Cap,Open Ended Schemes,15-09-2025,103.15000
Nippon Large Cap,118632,Nippon India Mutual Fund,,INF204K01XI3,Equity Scheme - Large Cap Fund,118632,Nippon Large Cap,Open Ended Schemes,12-09-2025,102.97640
Nippon Large Cap,118632,Nippon India Mutual Fund,,INF204K01XI3,Equity Scheme - Large Cap Fund,118632,Nippon Large Cap,Open Ended Schemes,11-09-2025,102.40330
Nippon Large Cap,118632,Nippon India Mutual Fund,,INF204K01XI3,Equity Scheme - Large Cap Fund,118632,Nippon Large Cap,Open Ended Schemes,10-09-2025,102.35120
Nippon Large Cap,118632,Nippon India Mutual Fund,,INF204K01XI3,Equity Scheme - Large Cap Fund,118632,Nippon Large Cap,Open Ended Schemes,09-09-2025,101.96770
Nippon Large Cap,118632,Nippon India Mutual Fund,,INF204K01XI3,Equity Scheme - Large Cap Fund,118632,Nippon Large Cap,Open Ended Schemes,08-09-2025,101.67650
Nippon Large Cap,118632,Nippon India Mutual Fund,,INF204K01XI3,Equity Scheme - Large Cap Fund,118632,Nippon Large Cap,Open Ended Schemes,05-09-2025,101.55170
Nippon Large Cap,118632,Nippon India Mutual Fund,,INF204K01XI3,Equity Scheme - Large Cap Fund,118632,Nippon Large Cap,Open Ended Schemes,04-09-2025,101.49650
Nippon Large Cap,118632,Nippon India Mutual Fund,,INF204K01XI3,Equity Scheme - Large Cap Fund,118632,Nippon Large Cap,Open Ended Schemes,03-09-2025,101.59090
Nippon Large Cap,118632,Nippon India Mutual Fund,,INF204K01XI3,Equity Scheme - Large Cap Fund,118632,Nippon Large Cap,Open Ended Schemes,02-09-2025,100.99070
Nippon Large Cap,118632,Nippon India Mutual Fund,,INF204K01XI3,Equity Scheme - Large Cap Fund,118632,Nippon Large Cap,Open Ended Schemes,01-09-2025,101.16640
Nippon Large Cap,118632,Nippon India Mutual Fund,,INF204K01XI3,Equity Scheme - Large Cap Fund,118632,Nippon Large Cap,Open Ended Schemes,29-08-2025,100.34960
Nippon Large Cap,118632,Nippon India Mutual Fund,,INF204K01XI3,Equity Scheme - Large Cap Fund,118632,Nippon Large Cap,Open Ended Schemes,28-08-2025,100.55230
Nippon Large Cap,118632,Nippon India Mutual Fund,,INF204K01XI3,Equity Scheme - Large Cap Fund,118632,Nippon Large Cap,Open Ended Schemes,26-08-2025,101.34000
Nippon Large Cap,118632,Nippon India Mutual Fund,,INF204K01XI3,Equity Scheme - Large Cap Fund,118632,Nippon Large Cap,Open Ended Schemes,25-08-2025,102.33870
Nippon Large Cap,118632,Nippon India Mutual Fund,,INF204K01XI3,Equity Scheme - Large Cap Fund,118632,Nippon Large Cap,Open Ended Schemes,22-08-2025,102.05200
Nippon Large Cap,118632,Nippon India Mutual Fund,,INF204K01XI3,Equity Scheme - Large Cap Fund,118632,Nippon Large Cap,Open Ended Schemes,21-08-2025,102.72800
Nippon Large Cap,118632,Nippon India Mutual Fund,,INF204K01XI3,Equity Scheme - Large Cap Fund,118632,Nippon Large Cap,Open Ended Schemes,20-08-2025,102.65580
Nippon Large Cap,118632,Nippon India Mutual Fund,,INF204K01XI3,Equity Scheme - Large Cap Fund,118632,Nippon Large Cap,Open Ended Schemes,19-08-2025,102.24210
Nippon Large Cap,118632,Nippon India Mutual Fund,,INF204K01XI3,Equity Scheme - Large Cap Fund,118632,Nippon Large Cap,Open Ended Schemes,18-08-2025,101.68670
Nippon Large Cap,118632,Nippon India Mutual Fund,,INF204K01XI3,Equity Scheme - Large Cap Fund,118632,Nippon Large Cap,Open Ended Schemes,14-08-2025,100.57410
Nippon Large Cap,118632,Nippon India Mutual Fund,,INF204K01XI3,Equity Scheme - Large Cap Fund,118632,Nippon Large Cap,Open Ended Schemes,13-08-2025,100.59140
Nippon Large Cap,118632,Nippon India Mutual Fund,,INF204K01XI3,Equity Scheme - Large Cap Fund,118632,Nippon Large Cap,Open Ended Schemes,12-08-2025,99.75360
Nippon Large Cap,118632,Nippon India Mutual Fund,,INF204K01XI3,Equity Scheme - Large Cap Fund,118632,Nippon Large Cap,Open Ended Schemes,11-08-2025,99.91600
Nippon Large Cap,118632,Nippon India Mutual Fund,,INF204K01XI3,Equity Scheme - Large Cap Fund,118632,Nippon Large Cap,Open Ended Schemes,08-08-2025,98.98840
Nippon Large Cap,118632,Nippon India Mutual Fund,,INF204K01XI3,Equity Scheme - Large Cap Fund,118632,Nippon Large Cap,Open Ended Schemes,07-08-2025,99.90910
Nippon Large Cap,118632,Nippon India Mutual Fund,,INF204K01XI3,Equity Scheme - Large Cap Fund,118632,Nippon Large Cap,Open Ended Schemes,06-08-2025,99.78860
Nippon Large Cap,118632,Nippon India Mutual Fund,,INF204K01XI3,Equity Scheme - Large Cap Fund,118632,Nippon Large Cap,Open Ended Schemes,05-08-2025,100.11120
Nippon Large Cap,118632,Nippon India Mutual Fund,,INF204K01XI3,Equity Scheme - Large Cap Fund,118632,Nippon Large Cap,Open Ended Schemes,04-08-2025,100.27790
Nippon Large Cap,118632,Nippon India Mutual Fund,,INF204K01XI3,Equity Scheme - Large Cap Fund,118632,Nippon Large Cap,Open Ended Schemes,01-08-2025,99.91130
Nippon Large Cap,118632,Nippon India Mutual Fund,,INF204K01XI3,Equity Scheme - Large Cap Fund,118632,Nippon Large Cap,Open Ended Schemes,31-07-2025,100.59410
Nippon Large Cap,118632,Nippon India Mutual Fund,,INF204K01XI3,Equity Scheme - Large Cap Fund,118632,Nippon Large Cap,Open Ended Schemes,30-07-2025,100.68860
Nippon Large Cap,118632,Nippon India Mutual Fund,,INF204K01XI3,Equity Scheme - Large Cap Fund,118632,Nippon Large Cap,Open Ended Schemes,29-07-2025,100.21010
Nippon Large Cap,118632,Nippon India Mutual Fund,,INF204K01XI3,Equity Scheme - Large Cap Fund,118632,Nippon Large Cap,Open Ended Schemes,28-07-2025,99.69810
Nippon Large Cap,118632,Nippon India Mutual Fund,,INF204K01XI3,Equity Scheme - Large Cap Fund,118632,Nippon Large Cap,Open Ended Schemes,25-07-2025,100.25980
Nippon Large Cap,118632,Nippon India Mutual Fund,,INF204K01XI3,Equity Scheme - Large Cap Fund,118632,Nippon Large Cap,Open Ended Schemes,24-07-2025,101.32810
Nippon Large Cap,118632,Nippon India Mutual Fund,,INF204K01XI3,Equity Scheme - Large Cap Fund,118632,Nippon Large Cap,Open Ended Schemes,23-07-2025,101.78940
Nippon Large Cap,118632,Nippon India Mutual Fund,,INF204K01XI3,Equity Scheme - Large Cap Fund,118632,Nippon Large Cap,Open Ended Schemes,22-07-2025,101.32720
Nippon Large Cap,118632,Nippon India Mutual Fund,,INF204K01XI3,Equity Scheme - Large Cap Fund,118632,Nippon Large Cap,Open Ended Schemes,21-07-2025,101.37350
Nippon Large Cap,118632,Nippon India Mutual Fund,,INF204K01XI3,Equity Scheme - Large Cap Fund,118632,Nippon Large Cap,Open Ended Schemes,18-07-2025,100.92860
Nippon Large Cap,118632,Nippon India Mutual Fund,,INF204K01XI3,Equity Scheme - Large Cap Fund,118632,Nippon Large Cap,Open Ended Schemes,17-07-2025,101.43180
Nippon Large Cap,118632,Nippon India Mutual Fund,,INF204K01XI3,Equity Scheme - Large Cap Fund,118632,Nippon Large Cap,Open Ended Schemes,16-07-2025,101.62300
Nippon Large Cap,118632,Nippon India Mutual Fund,,INF204K01XI3,Equity Scheme - Large Cap Fund,118632,Nippon Large Cap,Open Ended Schemes,15-07-2025,101.41680
Nippon Large Cap,118632,Nippon India Mutual Fund,,INF204K01XI3,Equity Scheme - Large Cap Fund,118632,Nippon Large Cap,Open Ended Schemes,14-07-2025,101.05870
Nippon Large Cap,118632,Nippon India Mutual Fund,,INF204K01XI3,Equity Scheme - Large Cap Fund,118632,Nippon Large Cap,Open Ended Schemes,11-07-2025,101.26860
Nippon Large Cap,118632,Nippon India Mutual Fund,,INF204K01XI3,Equity Scheme - Large Cap Fund,118632,Nippon Large Cap,Open Ended Schemes,10-07-2025,101.79900
Nippon Large Cap,118632,Nippon India Mutual Fund,,INF204K01XI3,Equity Scheme - Large Cap Fund,118632,Nippon Large Cap,Open Ended Schemes,09-07-2025,102.03900
Nippon Large Cap,118632,Nippon India Mutual Fund,,INF204K01XI3,Equity Scheme - Large Cap Fund,118632,Nippon Large Cap,Open Ended Schemes,08-07-2025,102.03640
Nippon Large Cap,118632,Nippon India Mutual Fund,,INF204K01XI3,Equity Scheme - Large Cap Fund,118632,Nippon Large Cap,Open Ended Schemes,07-07-2025,101.75400
Nippon Large Cap,118632,Nippon India Mutual Fund,,INF204K01XI3,Equity Scheme - Large Cap Fund,118632,Nippon Large Cap,Open Ended Schemes,04-07-2025,101.78830
Nippon Large Cap,118632,Nippon India Mutual Fund,,INF204K01XI3,Equity Scheme - Large Cap Fund,118632,Nippon Large Cap,Open Ended Schemes,03-07-2025,101.52310
Nippon Large Cap,118632,Nippon India Mutual Fund,,INF204K01XI3,Equity Scheme - Large Cap Fund,118632,Nippon Large Cap,Open Ended Schemes,02-07-2025,101.83910
Nippon Large Cap,118632,Nippon India Mutual Fund,,INF204K01XI3,Equity Scheme - Large Cap Fund,118632,Nippon Large Cap,Open Ended Schemes,01-07-2025,102.27380
Nippon Large Cap,118632,Nippon India Mutual Fund,,INF204K01XI3,Equity Scheme - Large Cap Fund,118632,Nippon Large Cap,Open Ended Schemes,30-06-2025,102.35010
Nippon Large Cap,118632,Nippon India Mutual Fund,,INF204K01XI3,Equity Scheme - Large Cap Fund,118632,Nippon Large Cap,Open Ended Schemes,27-06-2025,102.61480
Nippon Large Cap,118632,Nippon India Mutual Fund,,INF204K01XI3,Equity Scheme - Large Cap Fund,118632,Nippon Large Cap,Open Ended Schemes,26-06-2025,102.14580
Nippon Large Cap,118632,Nippon India Mutual Fund,,INF204K01XI3,Equity Scheme - Large Cap Fund,118632,Nippon Large Cap,Open Ended Schemes,25-06-2025,101.24390
Nippon Large Cap,118632,Nippon India Mutual Fund,,INF204K01XI3,Equity Scheme - Large Cap Fund,118632,Nippon Large Cap,Open Ended Schemes,24-06-2025,100.53250
Nippon Large Cap,118632,Nippon India Mutual Fund,,INF204K01XI3,Equity Scheme - Large Cap Fund,118632,Nippon Large Cap,Open Ended Schemes,23-06-2025,99.91290
Nippon Large Cap,118632,Nippon India Mutual Fund,,INF204K01XI3,Equity Scheme - Large Cap Fund,118632,Nippon Large Cap,Open Ended Schemes,20-06-2025,100.40750
Nippon Large Cap,118632,Nippon India Mutual Fund,,INF204K01XI3,Equity Scheme - Large Cap Fund,118632,Nippon Large Cap,Open Ended Schemes,19-06-2025,99.31230
Nippon Large Cap,118632,Nippon India Mutual Fund,,INF204K01XI3,Equity Scheme - Large Cap Fund,118632,Nippon Large Cap,Open Ended Schemes,18-06-2025,99.74480
Nippon Large Cap,118632,Nippon India Mutual Fund,,INF204K01XI3,Equity Scheme - Large Cap Fund,118632,Nippon Large Cap,Open Ended Schemes,17-06-2025,99.79990
Nippon Large Cap,118632,Nippon India Mutual Fund,,INF204K01XI3,Equity Scheme - Large Cap Fund,118632,Nippon Large Cap,Open Ended Schemes,16-06-2025,100.08180
Nippon Large Cap,118632,Nippon India Mutual Fund,,INF204K01XI3,Equity Scheme - Large Cap Fund,118632,Nippon Large Cap,Open Ended Schemes,13-06-2025,99.35280
Nippon Large Cap,118632,Nippon India Mutual Fund,,INF204K01XI3,Equity Scheme - Large Cap Fund,118632,Nippon Large Cap,Open Ended Schemes,12-06-2025,100.04530
Nippon Large Cap,118632,Nippon India Mutual Fund,,INF204K01XI3,Equity Scheme - Large Cap Fund,118632,Nippon Large Cap,Open Ended Schemes,11-06-2025,101.31510
Nippon Large Cap,118632,Nippon India Mutual Fund,,INF204K01XI3,Equity Scheme - Large Cap Fund,118632,Nippon Large Cap,Open Ended Schemes,10-06-2025,101.22560
Nippon Large Cap,118632,Nippon India Mutual Fund,,INF204K01XI3,Equity Scheme - Large Cap Fund,118632,Nippon Large Cap,Open Ended Schemes,09-06-2025,101.34810
Nippon Large Cap,118632,Nippon India Mutual Fund,,INF204K01XI3,Equity Scheme - Large Cap Fund,118632,Nippon Large Cap,Open Ended Schemes,06-06-2025,100.62690
Nippon Large Cap,118632,Nippon India Mutual Fund,,INF204K01XI3,Equity Scheme - Large Cap Fund,118632,Nippon Large Cap,Open Ended Schemes,05-06-2025,99.66170
Nippon Large Cap,118632,Nippon India Mutual Fund,,INF204K01XI3,Equity Scheme - Large Cap Fund,118632,Nippon Large Cap,Open Ended Schemes,04-06-2025,99.15510
Nippon Large Cap,118632,Nippon India Mutual Fund,,INF204K01XI3,Equity Scheme - Large Cap Fund,118632,Nippon Large Cap,Open Ended Schemes,03-06-2025,98.71610
Nippon Large Cap,118632,Nippon India Mutual Fund,,INF204K01XI3,Equity Scheme - Large Cap Fund,118632,Nippon Large Cap,Open Ended Schemes,02-06-2025,99.27360
Nippon Large Cap,118632,Nippon India Mutual Fund,,INF204K01XI3,Equity Scheme - Large Cap Fund,118632,Nippon Large Cap,Open Ended Schemes,30-05-2025,99.16110
Nippon Large Cap,118632,Nippon India Mutual Fund,,INF204K01XI3,Equity Scheme - Large Cap Fund,118632,Nippon Large Cap,Open Ended Schemes,29-05-2025,99.43410
Nippon Large Cap,118632,Nippon India Mutual Fund,,INF204K01XI3,Equity Scheme - Large Cap Fund,118632,Nippon Large Cap,Open Ended Schemes,28-05-2025,99.11180
Nippon Large Cap,118632,Nippon India Mutual Fund,,INF204K01XI3,Equity Scheme - Large Cap Fund,118632,Nippon Large Cap,Open Ended Schemes,27-05-2025,99.24310
Nippon Large Cap,118632,Nippon India Mutual Fund,,INF204K01XI3,Equity Scheme - Large Cap Fund,118632,Nippon Large Cap,Open Ended Schemes,26-05-2025,99.65360
Nippon Large Cap,118632,Nippon India Mutual Fund,,INF204K01XI3,Equity Scheme - Large Cap Fund,118632,Nippon Large Cap,Open Ended Schemes,23-05-2025,98.86110
Nippon Large Cap,118632,Nippon India Mutual Fund,,INF204K01XI3,Equity Scheme - Large Cap Fund,118632,Nippon Large Cap,Open Ended Schemes,22-05-2025,97.91010
Nippon Large Cap,118632,Nippon India Mutual Fund,,INF204K01XI3,Equity Scheme - Large Cap Fund,118632,Nippon Large Cap,Open Ended Schemes,21-05-2025,98.60380
Nippon Large Cap,118632,Nippon India Mutual Fund,,INF204K01XI3,Equity Scheme - Large Cap Fund,118632,Nippon Large Cap,Open Ended Schemes,20-05-2025,97.91130
Nippon Large Cap,118632,Nippon India Mutual Fund,,INF204K01XI3,Equity Scheme - Large Cap Fund,118632,Nippon Large Cap,Open Ended Schemes,19-05-2025,99.13250
Nippon Large Cap,118632,Nippon India Mutual Fund,,INF204K01XI3,Equity Scheme - Large Cap Fund,118632,Nippon Large Cap,Open Ended Schemes,16-05-2025,99.22250
Nippon Large Cap,118632,Nippon India Mutual Fund,,INF204K01XI3,Equity Scheme - Large Cap Fund,118632,Nippon Large Cap,Open Ended Schemes,15-05-2025,98.94530
Nippon Large Cap,118632,Nippon India Mutual Fund,,INF204K01XI3,Equity Scheme - Large Cap Fund,118632,Nippon Large Cap,Open Ended Schemes,14-05-2025,97.64730
Nippon Large Cap,118632,Nippon India Mutual Fund,,INF204K01XI3,Equity Scheme - Large Cap Fund,118632,Nippon Large Cap,Open Ended Schemes,13-05-2025,97.05400
Nippon Large Cap,118632,Nippon India Mutual Fund,,INF204K01XI3,Equity Scheme - Large Cap Fund,118632,Nippon Large Cap,Open Ended Schemes,12-05-2025,97.90990
Nippon Large Cap,118632,Nippon India Mutual Fund,,INF204K01XI3,Equity Scheme - Large Cap Fund,118632,Nippon Large Cap,Open Ended Schemes,09-05-2025,94.34820
Nippon Large Cap,118632,Nippon India Mutual Fund,,INF204K01XI3,Equity Scheme - Large Cap Fund,118632,Nippon Large Cap,Open Ended Schemes,08-05-2025,95.14870
Nippon Large Cap,118632,Nippon India Mutual Fund,,INF204K01XI3,Equity Scheme - Large Cap Fund,118632,Nippon Large Cap,Open Ended Schemes,07-05-2025,96.02080
Nippon Large Cap,118632,Nippon India Mutual Fund,,INF204K01XI3,Equity Scheme - Large Cap Fund,118632,Nippon Large Cap,Open Ended Schemes,06-05-2025,95.56480
Nippon Large Cap,118632,Nippon India Mutual Fund,,INF204K01XI3,Equity Scheme - Large Cap Fund,118632,Nippon Large Cap,Open Ended Schemes,05-05-2025,96.55520
Nippon Large Cap,118632,Nippon India Mutual Fund,,INF204K01XI3,Equity Scheme - Large Cap Fund,118632,Nippon Large Cap,Open Ended Schemes,02-05-2025,95.93890
Nippon Large Cap,118632,Nippon India Mutual Fund,,INF204K01XI3,Equity Scheme - Large Cap Fund,118632,Nippon Large Cap,Open Ended Schemes,30-04-2025,95.81470
Nippon Large Cap,118632,Nippon India Mutual Fund,,INF204K01XI3,Equity Scheme - Large Cap Fund,118632,Nippon Large Cap,Open Ended Schemes,29-04-2025,96.09290
Nippon Large Cap,118632,Nippon India Mutual Fund,,INF204K01XI3,Equity Scheme - Large Cap Fund,118632,Nippon Large Cap,Open Ended Schemes,28-04-2025,96.02820
Nippon Large Cap,118632,Nippon India Mutual Fund,,INF204K01XI3,Equity Scheme - Large Cap Fund,118632,Nippon Large Cap,Open Ended Schemes,25-04-2025,94.88440
Nippon Large Cap,118632,Nippon India Mutual Fund,,INF204K01XI3,Equity Scheme - Large Cap Fund,118632,Nippon Large Cap,Open Ended Schemes,24-04-2025,96.05970
Nippon Large Cap,118632,Nippon India Mutual Fund,,INF204K01XI3,Equity Scheme - Large Cap Fund,118632,Nippon Large Cap,Open Ended Schemes,23-04-2025,96.17080
Nippon Large Cap,118632,Nippon India Mutual Fund,,INF204K01XI3,Equity Scheme - Large Cap Fund,118632,Nippon Large Cap,Open Ended Schemes,22-04-2025,95.62040
Nippon Large Cap,118632,Nippon India Mutual Fund,,INF204K01XI3,Equity Scheme - Large Cap Fund,118632,Nippon Large Cap,Open Ended Schemes,21-04-2025,95.38690
Nippon Large Cap,118632,Nippon India Mutual Fund,,INF204K01XI3,Equity Scheme - Large Cap Fund,118632,Nippon Large Cap,Open Ended Schemes,17-04-2025,94.10550
Nippon Large Cap,118632,Nippon India Mutual Fund,,INF204K01XI3,Equity Scheme - Large Cap Fund,118632,Nippon Large Cap,Open Ended Schemes,16-04-2025,92.89830
Nippon Large Cap,118632,Nippon India Mutual Fund,,INF204K01XI3,Equity Scheme - Large Cap Fund,118632,Nippon Large Cap,Open Ended Schemes,15-04-2025,92.32680
Nippon Large Cap,118632,Nippon India Mutual Fund,,INF204K01XI3,Equity Scheme - Large Cap Fund,118632,Nippon Large Cap,Open Ended Schemes,11-04-2025,90.06930
Nippon Large Cap,118632,Nippon India Mutual Fund,,INF204K01XI3,Equity Scheme - Large Cap Fund,118632,Nippon Large Cap,Open Ended Schemes,09-04-2025,88.64100
Nippon Large Cap,118632,Nippon India Mutual Fund,,INF204K01XI3,Equity Scheme - Large Cap Fund,118632,Nippon Large Cap,Open Ended Schemes,08-04-2025,89.24090
Nippon Large Cap,118632,Nippon India Mutual Fund,,INF204K01XI3,Equity Scheme - Large Cap Fund,118632,Nippon Large Cap,Open Ended Schemes,07-04-2025,87.78020
Nippon Large Cap,118632,Nippon India Mutual Fund,,INF204K01XI3,Equity Scheme - Large Cap Fund,118632,Nippon Large Cap,Open Ended Schemes,04-04-2025,90.43330
Nippon Large Cap,118632,Nippon India Mutual Fund,,INF204K01XI3,Equity Scheme - Large Cap Fund,118632,Nippon Large Cap,Open Ended Schemes,03-04-2025,92.22430
Nippon Large Cap,118632,Nippon India Mutual Fund,,INF204K01XI3,Equity Scheme - Large Cap Fund,118632,Nippon Large Cap,Open Ended Schemes,02-04-2025,92.41650
Nippon Large Cap,118632,Nippon India Mutual Fund,,INF204K01XI3,Equity Scheme - Large Cap Fund,118632,Nippon Large Cap,Open Ended Schemes,01-04-2025,91.66290
Nippon Large Cap,118632,Nippon India Mutual Fund,,INF204K01XI3,Equity Scheme - Large Cap Fund,118632,Nippon Large Cap,Open Ended Schemes,31-03-2025,92.87020
Nippon Large Cap,118632,Nippon India Mutual Fund,,INF204K01XI3,Equity Scheme - Large Cap Fund,118632,Nippon Large Cap,Open Ended Schemes,28-03-2025,92.87350
Nippon Large Cap,118632,Nippon India Mutual Fund,,INF204K01XI3,Equity Scheme - Large Cap Fund,118632,Nippon Large Cap,Open Ended Schemes,27-03-2025,93.38840
Nippon Large Cap,118632,Nippon India Mutual Fund,,INF204K01XI3,Equity Scheme - Large Cap Fund,118632,Nippon Large Cap,Open Ended Schemes,26-03-2025,92.65700
Nippon Large Cap,118632,Nippon India Mutual Fund,,INF204K01XI3,Equity Scheme - Large Cap Fund,118632,Nippon Large Cap,Open Ended Schemes,25-03-2025,93.51580
Nippon Large Cap,118632,Nippon India Mutual Fund,,INF204K01XI3,Equity Scheme - Large Cap Fund,118632,Nippon Large Cap,Open Ended Schemes,24-03-2025,93.81230
Nippon Large Cap,118632,Nippon India Mutual Fund,,INF204K01XI3,Equity Scheme - Large Cap Fund,118632,Nippon Large Cap,Open Ended Schemes,21-03-2025,92.54300
Nippon Large Cap,118632,Nippon India Mutual Fund,,INF204K01XI3,Equity Scheme - Large Cap Fund,118632,Nippon Large Cap,Open Ended Schemes,20-03-2025,91.67670
Nippon Large Cap,118632,Nippon India Mutual Fund,,INF204K01XI3,Equity Scheme - Large Cap Fund,118632,Nippon Large Cap,Open Ended Schemes,19-03-2025,90.97110
Nippon Large Cap,118632,Nippon India Mutual Fund,,INF204K01XI3,Equity Scheme - Large Cap Fund,118632,Nippon Large Cap,Open Ended Schemes,18-03-2025,90.25440
Nippon Large Cap,118632,Nippon India Mutual Fund,,INF204K01XI3,Equity Scheme - Large Cap Fund,118632,Nippon Large Cap,Open Ended Schemes,17-03-2025,88.67460
Nippon Large Cap,118632,Nippon India Mutual Fund,,INF204K01XI3,Equity Scheme - Large Cap Fund,118632,Nippon Large Cap,Open Ended Schemes,13-03-2025,88.06560
Nippon Large Cap,118632,Nippon India Mutual Fund,,INF204K01XI3,Equity Scheme - Large Cap Fund,118632,Nippon Large Cap,Open Ended Schemes,12-03-2025,88.37380
Nippon Large Cap,118632,Nippon India Mutual Fund,,INF204K01XI3,Equity Scheme - Large Cap Fund,118632,Nippon Large Cap,Open Ended Schemes,11-03-2025,88.50420
Nippon Large Cap,118632,Nippon India Mutual Fund,,INF204K01XI3,Equity Scheme - Large Cap Fund,118632,Nippon Large Cap,Open Ended Schemes,10-03-2025,88.58790
Nippon Large Cap,118632,Nippon India Mutual Fund,,INF204K01XI3,Equity Scheme - Large Cap Fund,118632,Nippon Large Cap,Open Ended Schemes,07-03-2025,89.11950
Nippon Large Cap,118632,Nippon India Mutual Fund,,INF204K01XI3,Equity Scheme - Large Cap Fund,118632,Nippon Large Cap,Open Ended Schemes,06-03-2025,89.17400
Nippon Large Cap,118632,Nippon India Mutual Fund,,INF204K01XI3,Equity Scheme - Large Cap Fund,118632,Nippon Large Cap,Open Ended Schemes,05-03-2025,88.25350
Nippon Large Cap,118632,Nippon India Mutual Fund,,INF204K01XI3,Equity Scheme - Large Cap Fund,118632,Nippon Large Cap,Open Ended Schemes,04-03-2025,87.16430
Nippon Large Cap,118632,Nippon India Mutual Fund,,INF204K01XI3,Equity Scheme - Large Cap Fund,118632,Nippon Large Cap,Open Ended Schemes,03-03-2025,86.98300
Nippon Large Cap,118632,Nippon India Mutual Fund,,INF204K01XI3,Equity Scheme - Large Cap Fund,118632,Nippon Large Cap,Open Ended Schemes,28-02-2025,86.92220
Nippon Large Cap,118632,Nippon India Mutual Fund,,INF204K01XI3,Equity Scheme - Large Cap Fund,118632,Nippon Large Cap,Open Ended Schemes,27-02-2025,88.43210
Nippon Large Cap,118632,Nippon India Mutual Fund,,INF204K01XI3,Equity Scheme - Large Cap Fund,118632,Nippon Large Cap,Open Ended Schemes,25-02-2025,88.76050
Nippon Large Cap,118632,Nippon India Mutual Fund,,INF204K01XI3,Equity Scheme - Large Cap Fund,118632,Nippon Large Cap,Open Ended Schemes,24-02-2025,88.93340
Nippon Large Cap,118632,Nippon India Mutual Fund,,INF204K01XI3,Equity Scheme - Large Cap Fund,118632,Nippon Large Cap,Open Ended Schemes,21-02-2025,89.84950
Nippon Large Cap,118632,Nippon India Mutual Fund,,INF204K01XI3,Equity Scheme - Large Cap Fund,118632,Nippon Large Cap,Open Ended Schemes,20-02-2025,90.34890
Nippon Large Cap,118632,Nippon India Mutual Fund,,INF204K01XI3,Equity Scheme - Large Cap Fund,118632,Nippon Large Cap,Open Ended Schemes,19-02-2025,90.04040
Nippon Large Cap,118632,Nippon India Mutual Fund,,INF204K01XI3,Equity Scheme - Large Cap Fund,118632,Nippon Large Cap,Open Ended Schemes,18-02-2025,89.53540
Nippon Large Cap,118632,Nippon India Mutual Fund,,INF204K01XI3,Equity Scheme - Large Cap Fund,118632,Nippon Large Cap,Open Ended Schemes,17-02-2025,89.56930
Nippon Large Cap,118632,Nippon India Mutual Fund,,INF204K01XI3,Equity Scheme - Large Cap Fund,118632,Nippon Large Cap,Open Ended Schemes,14-02-2025,89.57410
Nippon Large Cap,118632,Nippon India Mutual Fund,,INF204K01XI3,Equity Scheme - Large Cap Fund,118632,Nippon Large Cap,Open Ended Schemes,13-02-2025,90.36840
Nippon Large Cap,118632,Nippon India Mutual Fund,,INF204K01XI3,Equity Scheme - Large Cap Fund,118632,Nippon Large Cap,Open Ended Schemes,12-02-2025,90.34080
Nippon Large Cap,118632,Nippon India Mutual Fund,,INF204K01XI3,Equity Scheme - Large Cap Fund,118632,Nippon Large Cap,Open Ended Schemes,11-02-2025,90.54430
Nippon Large Cap,118632,Nippon India Mutual Fund,,INF204K01XI3,Equity Scheme - Large Cap Fund,118632,Nippon Large Cap,Open Ended Schemes,10-02-2025,92.17730
Nippon Large Cap,118632,Nippon India Mutual Fund,,INF204K01XI3,Equity Scheme - Large Cap Fund,118632,Nippon Large Cap,Open Ended Schemes,07-02-2025,93.31900
Nippon Large Cap,118632,Nippon India Mutual Fund,,INF204K01XI3,Equity Scheme - Large Cap Fund,118632,Nippon Large Cap,Open Ended Schemes,06-02-2025,93.48960
Nippon Large Cap,118632,Nippon India Mutual Fund,,INF204K01XI3,Equity Scheme - Large Cap Fund,118632,Nippon Large Cap,Open Ended Schemes,05-02-2025,93.88830
Nippon Large Cap,118632,Nippon India Mutual Fund,,INF204K01XI3,Equity Scheme - Large Cap Fund,118632,Nippon Large Cap,Open Ended Schemes,04-02-2025,93.92310
Nippon Large Cap,118632,Nippon India Mutual Fund,,INF204K01XI3,Equity Scheme - Large Cap Fund,118632,Nippon Large Cap,Open Ended Schemes,03-02-2025,92.42370
Nippon Large Cap,118632,Nippon India Mutual Fund,,INF204K01XI3,Equity Scheme - Large Cap Fund,118632,Nippon Large Cap,Open Ended Schemes,31-01-2025,92.87720
Nippon Large Cap,118632,Nippon India Mutual Fund,,INF204K01XI3,Equity Scheme - Large Cap Fund,118632,Nippon Large Cap,Open Ended Schemes,30-01-2025,91.73790
Nippon Large Cap,118632,Nippon India Mutual Fund,,INF204K01XI3,Equity Scheme - Large Cap Fund,118632,Nippon Large Cap,Open Ended Schemes,29-01-2025,91.46880
Nippon Large Cap,118632,Nippon India Mutual Fund,,INF204K01XI3,Equity Scheme - Large Cap Fund,118632,Nippon Large Cap,Open Ended Schemes,28-01-2025,90.22270
Nippon Large Cap,118632,Nippon India Mutual Fund,,INF204K01XI3,Equity Scheme - Large Cap Fund,118632,Nippon Large Cap,Open Ended Schemes,27-01-2025,89.96940
Nippon Large Cap,118632,Nippon India Mutual Fund,,INF204K01XI3,Equity Scheme - Large Cap Fund,118632,Nippon Large Cap,Open Ended Schemes,24-01-2025,91.45880
Nippon Large Cap,118632,Nippon India Mutual Fund,,INF204K01XI3,Equity Scheme - Large Cap Fund,118632,Nippon Large Cap,Open Ended Schemes,23-01-2025,92.26670
Nippon Large Cap,118632,Nippon India Mutual Fund,,INF204K01XI3,Equity Scheme - Large Cap Fund,118632,Nippon Large Cap,Open Ended Schemes,22-01-2025,91.92290
Nippon Large Cap,118632,Nippon India Mutual Fund,,INF204K01XI3,Equity Scheme - Large Cap Fund,118632,Nippon Large Cap,Open Ended Schemes,21-01-2025,91.90080
Nippon Large Cap,118632,Nippon India Mutual Fund,,INF204K01XI3,Equity Scheme - Large Cap Fund,118632,Nippon Large Cap,Open Ended Schemes,20-01-2025,93.63390
Nippon Large Cap,118632,Nippon India Mutual Fund,,INF204K01XI3,Equity Scheme - Large Cap Fund,118632,Nippon Large Cap,Open Ended Schemes,17-01-2025,93.41580
Nippon Large Cap,118632,Nippon India Mutual Fund,,INF204K01XI3,Equity Scheme - Large Cap Fund,118632,Nippon Large Cap,Open Ended Schemes,16-01-2025,93.57640
Nippon Large Cap,118632,Nippon India Mutual Fund,,INF204K01XI3,Equity Scheme - Large Cap Fund,118632,Nippon Large Cap,Open Ended Schemes,15-01-2025,92.94630
Nippon Large Cap,118632,Nippon India Mutual Fund,,INF204K01XI3,Equity Scheme - Large Cap Fund,118632,Nippon Large Cap,Open Ended Schemes,14-01-2025,92.59510
Nippon Large Cap,118632,Nippon India Mutual Fund,,INF204K01XI3,Equity Scheme - Large Cap Fund,118632,Nippon Large Cap,Open Ended Schemes,13-01-2025,91.92200
Nippon Large Cap,118632,Nippon India Mutual Fund,,INF204K01XI3,Equity Scheme - Large Cap Fund,118632,Nippon Large Cap,Open Ended Schemes,10-01-2025,93.72710
Nippon Large Cap,118632,Nippon India Mutual Fund,,INF204K01XI3,Equity Scheme - Large Cap Fund,118632,Nippon Large Cap,Open Ended Schemes,09-01-2025,94.58100
Nippon Large Cap,118632,Nippon India Mutual Fund,,INF204K01XI3,Equity Scheme - Large Cap Fund,118632,Nippon Large Cap,Open Ended Schemes,08-01-2025,95.41380
Nippon Large Cap,118632,Nippon India Mutual Fund,,INF204K01XI3,Equity Scheme - Large Cap Fund,118632,Nippon Large Cap,Open Ended Schemes,07-01-2025,95.74360
Nippon Large Cap,118632,Nippon India Mutual Fund,,INF204K01XI3,Equity Scheme - Large Cap Fund,118632,Nippon Large Cap,Open Ended Schemes,06-01-2025,95.32660
Nippon Large Cap,118632,Nippon India Mutual Fund,,INF204K01XI3,Equity Scheme - Large Cap Fund,118632,Nippon Large Cap,Open Ended Schemes,03-01-2025,97.16710
Nippon Large Cap,118632,Nippon India Mutual Fund,,INF204K01XI3,Equity Scheme - Large Cap Fund,118632,Nippon Large Cap,Open Ended Schemes,02-01-2025,97.56810
Nippon Large Cap,118632,Nippon India Mutual Fund,,INF204K01XI3,Equity Scheme - Large Cap Fund,118632,Nippon Large Cap,Open Ended Schemes,01-01-2025,96.11130
Nippon Large Cap,118632,Nippon India Mutual Fund,,INF204K01XI3,Equity Scheme - Large Cap Fund,118632,Nippon Large Cap,Open Ended Schemes,31-12-2024,95.69320
Nippon Large Cap,118632,Nippon India Mutual Fund,,INF204K01XI3,Equity Scheme - Large Cap Fund,118632,Nippon Large Cap,Open Ended Schemes,30-12-2024,95.67770
Nippon Large Cap,118632,Nippon India Mutual Fund,,INF204K01XI3,Equity Scheme - Large Cap Fund,118632,Nippon Large Cap,Open Ended Schemes,27-12-2024,96.18190
Nippon Large Cap,118632,Nippon India Mutual Fund,,INF204K01XI3,Equity Scheme - Large Cap Fund,118632,Nippon Large Cap,Open Ended Schemes,26-12-2024,96.19010
Nippon Large Cap,118632,Nippon India Mutual Fund,,INF204K01XI3,Equity Scheme - Large Cap Fund,118632,Nippon Large Cap,Open Ended Schemes,24-12-2024,96.14670
Nippon Large Cap,118632,Nippon India Mutual Fund,,INF204K01XI3,Equity Scheme - Large Cap Fund,118632,Nippon Large Cap,Open Ended Schemes,23-12-2024,96.16940
Nippon Large Cap,118632,Nippon India Mutual Fund,,INF204K01XI3,Equity Scheme - Large Cap Fund,118632,Nippon Large Cap,Open Ended Schemes,20-12-2024,95.84150
Nippon Large Cap,118632,Nippon India Mutual Fund,,INF204K01XI3,Equity Scheme - Large Cap Fund,118632,Nippon Large Cap,Open Ended Schemes,19-12-2024,97.42750
Nippon Large Cap,118632,Nippon India Mutual Fund,,INF204K01XI3,Equity Scheme - Large Cap Fund,118632,Nippon Large Cap,Open Ended Schemes,18-12-2024,98.18270
Nippon Large Cap,118632,Nippon India Mutual Fund,,INF204K01XI3,Equity Scheme - Large Cap Fund,118632,Nippon Large Cap,Open Ended Schemes,17-12-2024,98.87600
Nippon Large Cap,118632,Nippon India Mutual Fund,,INF204K01XI3,Equity Scheme - Large Cap Fund,118632,Nippon Large Cap,Open Ended Schemes,16-12-2024,99.80500
Nippon Large Cap,118632,Nippon India Mutual Fund,,INF204K01XI3,Equity Scheme - Large Cap Fund,118632,Nippon Large Cap,Open Ended Schemes,13-12-2024,99.78470
Nippon Large Cap,118632,Nippon India Mutual Fund,,INF204K01XI3,Equity Scheme - Large Cap Fund,118632,Nippon Large Cap,Open Ended Schemes,12-12-2024,99.22260
Nippon Large Cap,118632,Nippon India Mutual Fund,,INF204K01XI3,Equity Scheme - Large Cap Fund,118632,Nippon Large Cap,Open Ended Schemes,11-12-2024,99.62890
Nippon Large Cap,118632,Nippon India Mutual Fund,,INF204K01XI3,Equity Scheme - Large Cap Fund,118632,Nippon Large Cap,Open Ended Schemes,10-12-2024,99.54600
Nippon Large Cap,118632,Nippon India Mutual Fund,,INF204K01XI3,Equity Scheme - Large Cap Fund,118632,Nippon Large Cap,Open Ended Schemes,09-12-2024,99.50740
Nippon Large Cap,118632,Nippon India Mutual Fund,,INF204K01XI3,Equity Scheme - Large Cap Fund,118632,Nippon Large Cap,Open Ended Schemes,06-12-2024,99.65090
Nippon Large Cap,118632,Nippon India Mutual Fund,,INF204K01XI3,Equity Scheme - Large Cap Fund,118632,Nippon Large Cap,Open Ended Schemes,05-12-2024,99.41470
Nippon Large Cap,118632,Nippon India Mutual Fund,,INF204K01XI3,Equity Scheme - Large Cap Fund,118632,Nippon Large Cap,Open Ended Schemes,04-12-2024,98.65360
Nippon Large Cap,118632,Nippon India Mutual Fund,,INF204K01XI3,Equity Scheme - Large Cap Fund,118632,Nippon Large Cap,Open Ended Schemes,03-12-2024,98.20220
Nippon Large Cap,118632,Nippon India Mutual Fund,,INF204K01XI3,Equity Scheme - Large Cap Fund,118632,Nippon Large Cap,Open Ended Schemes,02-12-2024,97.12050
Nippon Large Cap,118632,Nippon India Mutual Fund,,INF204K01XI3,Equity Scheme - Large Cap Fund,118632,Nippon Large Cap,Open Ended Schemes,29-11-2024,96.71970
Nippon Large Cap,118632,Nippon India Mutual Fund,,INF204K01XI3,Equity Scheme - Large Cap Fund,118632,Nippon Large Cap,Open Ended Schemes,28-11-2024,96.18240
Nippon Large Cap,118632,Nippon India Mutual Fund,,INF204K01XI3,Equity Scheme - Large Cap Fund,118632,Nippon Large Cap,Open Ended Schemes,27-11-2024,97.21270
Nippon Large Cap,118632,Nippon India Mutual Fund,,INF204K01XI3,Equity Scheme - Large Cap Fund,118632,Nippon Large Cap,Open Ended Schemes,26-11-2024,96.78950
Nippon Large Cap,118632,Nippon India Mutual Fund,,INF204K01XI3,Equity Scheme - Large Cap Fund,118632,Nippon Large Cap,Open Ended Schemes,25-11-2024,96.87980
Nippon Large Cap,118632,Nippon India Mutual Fund,,INF204K01XI3,Equity Scheme - Large Cap Fund,118632,Nippon Large Cap,Open Ended Schemes,22-11-2024,95.42970
Nippon Large Cap,118632,Nippon India Mutual Fund,,INF204K01XI3,Equity Scheme - Large Cap Fund,118632,Nippon Large Cap,Open Ended Schemes,21-11-2024,93.51820
Nippon Large Cap,118632,Nippon India Mutual Fund,,INF204K01XI3,Equity Scheme - Large Cap Fund,118632,Nippon Large Cap,Open Ended Schemes,19-11-2024,94.09980
Nippon Large Cap,118632,Nippon India Mutual Fund,,INF204K01XI3,Equity Scheme - Large Cap Fund,118632,Nippon Large Cap,Open Ended Schemes,18-11-2024,93.78940
Nippon Large Cap,118632,Nippon India Mutual Fund,,INF204K01XI3,Equity Scheme - Large Cap Fund,118632,Nippon Large Cap,Open Ended Schemes,14-11-2024,93.99270
Nippon Large Cap,118632,Nippon India Mutual Fund,,INF204K01XI3,Equity Scheme - Large Cap Fund,118632,Nippon Large Cap,Open Ended Schemes,13-11-2024,93.94050
Nippon Large Cap,118632,Nippon India Mutual Fund,,INF204K01XI3,Equity Scheme - Large Cap Fund,118632,Nippon Large Cap,Open Ended Schemes,12-11-2024,95.37990
Nippon Large Cap,118632,Nippon India Mutual Fund,,INF204K01XI3,Equity Scheme - Large Cap Fund,118632,Nippon Large Cap,Open Ended Schemes,11-11-2024,96.57380
Nippon Large Cap,118632,Nippon India Mutual Fund,,INF204K01XI3,Equity Scheme - Large Cap Fund,118632,Nippon Large Cap,Open Ended Schemes,08-11-2024,96.44060
Nippon Large Cap,118632,Nippon India Mutual Fund,,INF204K01XI3,Equity Scheme - Large Cap Fund,118632,Nippon Large Cap,Open Ended Schemes,07-11-2024,96.81120
Nippon Large Cap,118632,Nippon India Mutual Fund,,INF204K01XI3,Equity Scheme - Large Cap Fund,118632,Nippon Large Cap,Open Ended Schemes,06-11-2024,97.56140
Nippon Large Cap,118632,Nippon India Mutual Fund,,INF204K01XI3,Equity Scheme - Large Cap Fund,118632,Nippon Large Cap,Open Ended Schemes,05-11-2024,96.38910
Nippon Large Cap,118632,Nippon India Mutual Fund,,INF204K01XI3,Equity Scheme - Large Cap Fund,118632,Nippon Large Cap,Open Ended Schemes,04-11-2024,95.63660
Nippon Large Cap,118632,Nippon India Mutual Fund,,INF204K01XI3,Equity Scheme - Large Cap Fund,118632,Nippon Large Cap,Open Ended Schemes,31-10-2024,96.37890
Nippon Large Cap,118632,Nippon India Mutual Fund,,INF204K01XI3,Equity Scheme - Large Cap Fund,118632,Nippon Large Cap,Open Ended Schemes,30-10-2024,96.53300
Nippon Large Cap,118632,Nippon India Mutual Fund,,INF204K01XI3,Equity Scheme - Large Cap Fund,118632,Nippon Large Cap,Open Ended Schemes,29-10-2024,96.88810
Nippon Large Cap,118632,Nippon India Mutual Fund,,INF204K01XI3,Equity Scheme - Large Cap Fund,118632,Nippon Large Cap,Open Ended Schemes,28-10-2024,96.01720
Nippon Large Cap,118632,Nippon India Mutual Fund,,INF204K01XI3,Equity Scheme - Large Cap Fund,118632,Nippon Large Cap,Open Ended Schemes,25-10-2024,95.67050
Nippon Large Cap,118632,Nippon India Mutual Fund,,INF204K01XI3,Equity Scheme - Large Cap Fund,118632,Nippon Large Cap,Open Ended Schemes,24-10-2024,96.59010
Nippon Large Cap,118632,Nippon India Mutual Fund,,INF204K01XI3,Equity Scheme - Large Cap Fund,118632,Nippon Large Cap,Open Ended Schemes,23-10-2024,96.79280
Nippon Large Cap,118632,Nippon India Mutual Fund,,INF204K01XI3,Equity Scheme - Large Cap Fund,118632,Nippon Large Cap,Open Ended Schemes,22-10-2024,96.82630
Nippon Large Cap,118632,Nippon India Mutual Fund,,INF204K01XI3,Equity Scheme - Large Cap Fund,118632,Nippon Large Cap,Open Ended Schemes,21-10-2024,98.42470
Nippon Large Cap,118632,Nippon India Mutual Fund,,INF204K01XI3,Equity Scheme - Large Cap Fund,118632,Nippon Large Cap,Open Ended Schemes,18-10-2024,98.92480
Nippon Large Cap,118632,Nippon India Mutual Fund,,INF204K01XI3,Equity Scheme - Large Cap Fund,118632,Nippon Large Cap,Open Ended Schemes,17-10-2024,98.60030
Nippon Large Cap,118632,Nippon India Mutual Fund,,INF204K01XI3,Equity Scheme - Large Cap Fund,118632,Nippon Large Cap,Open Ended Schemes,16-10-2024,99.55250
Nippon Large Cap,118632,Nippon India Mutual Fund,,INF204K01XI3,Equity Scheme - Large Cap Fund,118632,Nippon Large Cap,Open Ended Schemes,15-10-2024,99.63550
Nippon Large Cap,118632,Nippon India Mutual Fund,,INF204K01XI3,Equity Scheme - Large Cap Fund,118632,Nippon Large Cap,Open Ended Schemes,14-10-2024,99.68390
Nippon Large Cap,118632,Nippon India Mutual Fund,,INF204K01XI3,Equity Scheme - Large Cap Fund,118632,Nippon Large Cap,Open Ended Schemes,11-10-2024,99.13900
Nippon Large Cap,118632,Nippon India Mutual Fund,,INF204K01XI3,Equity Scheme - Large Cap Fund,118632,Nippon Large Cap,Open Ended Schemes,10-10-2024,99.26850
Nippon Large Cap,118632,Nippon India Mutual Fund,,INF204K01XI3,Equity Scheme - Large Cap Fund,118632,Nippon Large Cap,Open Ended Schemes,09-10-2024,98.99230
Nippon Large Cap,118632,Nippon India Mutual Fund,,INF204K01XI3,Equity Scheme - Large Cap Fund,118632,Nippon Large Cap,Open Ended Schemes,08-10-2024,98.63810
Nippon Large Cap,118632,Nippon India Mutual Fund,,INF204K01XI3,Equity Scheme - Large Cap Fund,118632,Nippon Large Cap,Open Ended Schemes,07-10-2024,97.39870
Nippon Large Cap,118632,Nippon India Mutual Fund,,INF204K01XI3,Equity Scheme - Large Cap Fund,118632,Nippon Large Cap,Open Ended Schemes,04-10-2024,98.70980
Nippon Large Cap,118632,Nippon India Mutual Fund,,INF204K01XI3,Equity Scheme - Large Cap Fund,118632,Nippon Large Cap,Open Ended Schemes,03-10-2024,99.48890
Nippon Large Cap,118632,Nippon India Mutual Fund,,INF204K01XI3,Equity Scheme - Large Cap Fund,118632,Nippon Large Cap,Open Ended Schemes,01-10-2024,101.43230
Nippon Large Cap,118632,Nippon India Mutual Fund,,INF204K01XI3,Equity Scheme - Large Cap Fund,118632,Nippon Large Cap,Open Ended Schemes,30-09-2024,101.44750
Nippon Large Cap,118632,Nippon India Mutual Fund,,INF204K01XI3,Equity Scheme - Large Cap Fund,118632,Nippon Large Cap,Open Ended Schemes,27-09-2024,102.70610
Nippon Large Cap,118632,Nippon India Mutual Fund,,INF204K01XI3,Equity Scheme - Large Cap Fund,118632,Nippon Large Cap,Open Ended Schemes,26-09-2024,102.66580
Nippon Large Cap,118632,Nippon India Mutual Fund,,INF204K01XI3,Equity Scheme - Large Cap Fund,118632,Nippon Large Cap,Open Ended Schemes,25-09-2024,102.04130
Nippon Large Cap,118632,Nippon India Mutual Fund,,INF204K01XI3,Equity Scheme - Large Cap Fund,118632,Nippon Large Cap,Open Ended Schemes,24-09-2024,101.74560
Nippon Large Cap,118632,Nippon India Mutual Fund,,INF204K01XI3,Equity Scheme - Large Cap Fund,118632,Nippon Large Cap,Open Ended Schemes,23-09-2024,101.64330
Nippon Large Cap,118632,Nippon India Mutual Fund,,INF204K01XI3,Equity Scheme - Large Cap Fund,118632,Nippon Large Cap,Open Ended Schemes,20-09-2024,100.95980
Nippon Large Cap,118632,Nippon India Mutual Fund,,INF204K01XI3,Equity Scheme - Large Cap Fund,118632,Nippon Large Cap,Open Ended Schemes,19-09-2024,99.88420
Nippon Large Cap,118632,Nippon India Mutual Fund,,INF204K01XI3,Equity Scheme - Large Cap Fund,118632,Nippon Large Cap,Open Ended Schemes,18-09-2024,99.96800
Nippon Large Cap,118632,Nippon India Mutual Fund,,INF204K01XI3,Equity Scheme - Large Cap Fund,118632,Nippon Large Cap,Open Ended Schemes,17-09-2024,100.06530
Nippon Large Cap,118632,Nippon India Mutual Fund,,INF204K01XI3,Equity Scheme - Large Cap Fund,118632,Nippon Large Cap,Open Ended Schemes,16-09-2024,100.11400
Nippon Large Cap,118632,Nippon India Mutual Fund,,INF204K01XI3,Equity Scheme - Large Cap Fund,118632,Nippon Large Cap,Open Ended Schemes,13-09-2024,100.08900
Nippon Large Cap,118632,Nippon India Mutual Fund,,INF204K01XI3,Equity Scheme - Large Cap Fund,118632,Nippon Large Cap,Open Ended Schemes,12-09-2024,100.23730
Nippon Large Cap,118632,Nippon India Mutual Fund,,INF204K01XI3,Equity Scheme - Large Cap Fund,118632,Nippon Large Cap,Open Ended Schemes,11-09-2024,98.77240
Nippon Large Cap,118632,Nippon India Mutual Fund,,INF204K01XI3,Equity Scheme - Large Cap Fund,118632,Nippon Large Cap,Open Ended Schemes,10-09-2024,99.23190
Nippon Large Cap,118632,Nippon India Mutual Fund,,INF204K01XI3,Equity Scheme - Large Cap Fund,118632,Nippon Large Cap,Open Ended Schemes,09-09-2024,98.46750
Nippon Large Cap,118632,Nippon India Mutual Fund,,INF204K01XI3,Equity Scheme - Large Cap Fund,118632,Nippon Large Cap,Open Ended Schemes,06-09-2024,98.07600
Nippon Large Cap,118632,Nippon India Mutual Fund,,INF204K01XI3,Equity Scheme - Large Cap Fund,118632,Nippon Large Cap,Open Ended Schemes,05-09-2024,99.35690
Nippon Large Cap,118632,Nippon India Mutual Fund,,INF204K01XI3,Equity Scheme - Large Cap Fund,118632,Nippon Large Cap,Open Ended Schemes,04-09-2024,99.20670
Nippon Large Cap,118632,Nippon India Mutual Fund,,INF204K01XI3,Equity Scheme - Large Cap Fund,118632,Nippon Large Cap,Open Ended Schemes,03-09-2024,99.68050
Nippon Large Cap,118632,Nippon India Mutual Fund,,INF204K01XI3,Equity Scheme - Large Cap Fund,118632,Nippon Large Cap,Open Ended Schemes,02-09-2024,99.52270
Nippon Large Cap,118632,Nippon India Mutual Fund,,INF204K01XI3,Equity Scheme - Large Cap Fund,118632,Nippon Large Cap,Open Ended Schemes,30-08-2024,99.39960
Nippon Large Cap,118632,Nippon India Mutual Fund,,INF204K01XI3,Equity Scheme - Large Cap Fund,118632,Nippon Large Cap,Open Ended Schemes,29-08-2024,98.91270
Nippon Large Cap,118632,Nippon India Mutual Fund,,INF204K01XI3,Equity Scheme - Large Cap Fund,118632,Nippon Large Cap,Open Ended Schemes,28-08-2024,98.77890
Nippon Large Cap,118632,Nippon India Mutual Fund,,INF204K01XI3,Equity Scheme - Large Cap Fund,118632,Nippon Large Cap,Open Ended Schemes,27-08-2024,98.87470
Nippon Large Cap,118632,Nippon India Mutual Fund,,INF204K01XI3,Equity Scheme - Large Cap Fund,118632,Nippon Large Cap,Open Ended Schemes,26-08-2024,98.62680
Nippon Large Cap,118632,Nippon India Mutual Fund,,INF204K01XI3,Equity Scheme - Large Cap Fund,118632,Nippon Large Cap,Open Ended Schemes,23-08-2024,97.93850
Nippon Large Cap,118632,Nippon India Mutual Fund,,INF204K01XI3,Equity Scheme - Large Cap Fund,118632,Nippon Large Cap,Open Ended Schemes,22-08-2024,97.97380
Nippon Large Cap,118632,Nippon India Mutual Fund,,INF204K01XI3,Equity Scheme - Large Cap Fund,118632,Nippon Large Cap,Open Ended Schemes,21-08-2024,97.83260
Nippon Large Cap,118632,Nippon India Mutual Fund,,INF204K01XI3,Equity Scheme - Large Cap Fund,118632,Nippon Large Cap,Open Ended Schemes,20-08-2024,97.61250
Nippon Large Cap,118632,Nippon India Mutual Fund,,INF204K01XI3,Equity Scheme - Large Cap Fund,118632,Nippon Large Cap,Open Ended Schemes,19-08-2024,97.06110
Nippon Large Cap,118632,Nippon India Mutual Fund,,INF204K01XI3,Equity Scheme - Large Cap Fund,118632,Nippon Large Cap,Open Ended Schemes,16-08-2024,96.87960
Nippon Large Cap,118632,Nippon India Mutual Fund,,INF204K01XI3,Equity Scheme - Large Cap Fund,118632,Nippon Large Cap,Open Ended Schemes,14-08-2024,95.37830
Nippon Large Cap,118632,Nippon India Mutual Fund,,INF204K01XI3,Equity Scheme - Large Cap Fund,118632,Nippon Large Cap,Open Ended Schemes,13-08-2024,95.36300
Nippon Large Cap,118632,Nippon India Mutual Fund,,INF204K01XI3,Equity Scheme - Large Cap Fund,118632,Nippon Large Cap,Open Ended Schemes,12-08-2024,96.44310
Nippon Large Cap,118632,Nippon India Mutual Fund,,INF204K01XI3,Equity Scheme - Large Cap Fund,118632,Nippon Large Cap,Open Ended Schemes,09-08-2024,96.69150
Nippon Large Cap,118632,Nippon India Mutual Fund,,INF204K01XI3,Equity Scheme - Large Cap Fund,118632,Nippon Large Cap,Open Ended Schemes,08-08-2024,95.90360
Nippon Large Cap,118632,Nippon India Mutual Fund,,INF204K01XI3,Equity Scheme - Large Cap Fund,118632,Nippon Large Cap,Open Ended Schemes,07-08-2024,96.56170
Nippon Large Cap,118632,Nippon India Mutual Fund,,INF204K01XI3,Equity Scheme - Large Cap Fund,118632,Nippon Large Cap,Open Ended Schemes,06-08-2024,95.16420
Nippon Large Cap,118632,Nippon India Mutual Fund,,INF204K01XI3,Equity Scheme - Large Cap Fund,118632,Nippon Large Cap,Open Ended Schemes,05-08-2024,95.69950
Nippon Large Cap,118632,Nippon India Mutual Fund,,INF204K01XI3,Equity Scheme - Large Cap Fund,118632,Nippon Large Cap,Open Ended Schemes,02-08-2024,98.39920
Nippon Large Cap,118632,Nippon India Mutual Fund,,INF204K01XI3,Equity Scheme - Large Cap Fund,118632,Nippon Large Cap,Open Ended Schemes,01-08-2024,99.19050
Nippon Large Cap,118632,Nippon India Mutual Fund,,INF204K01XI3,Equity Scheme - Large Cap Fund,118632,Nippon Large Cap,Open Ended Schemes,31-07-2024,99.03800
Nippon Large Cap,118632,Nippon India Mutual Fund,,INF204K01XI3,Equity Scheme - Large Cap Fund,118632,Nippon Large Cap,Open Ended Schemes,30-07-2024,98.68020
Nippon Large Cap,118632,Nippon India Mutual Fund,,INF204K01XI3,Equity Scheme - Large Cap Fund,118632,Nippon Large Cap,Open Ended Schemes,29-07-2024,98.48390
Nippon Large Cap,118632,Nippon India Mutual Fund,,INF204K01XI3,Equity Scheme - Large Cap Fund,118632,Nippon Large Cap,Open Ended Schemes,26-07-2024,98.31110
Nippon Large Cap,118632,Nippon India Mutual Fund,,INF204K01XI3,Equity Scheme - Large Cap Fund,118632,Nippon Large Cap,Open Ended Schemes,25-07-2024,96.73230
Nippon Large Cap,118632,Nippon India Mutual Fund,,INF204K01XI3,Equity Scheme - Large Cap Fund,118632,Nippon Large Cap,Open Ended Schemes,24-07-2024,96.76170
Nippon Large Cap,118632,Nippon India Mutual Fund,,INF204K01XI3,Equity Scheme - Large Cap Fund,118632,Nippon Large Cap,Open Ended Schemes,23-07-2024,96.54450
Nippon Large Cap,118632,Nippon India Mutual Fund,,INF204K01XI3,Equity Scheme - Large Cap Fund,118632,Nippon Large Cap,Open Ended Schemes,22-07-2024,96.70130
Nippon Large Cap,118632,Nippon India Mutual Fund,,INF204K01XI3,Equity Scheme - Large Cap Fund,118632,Nippon Large Cap,Open Ended Schemes,19-07-2024,96.40900
Nippon Large Cap,118632,Nippon India Mutual Fund,,INF204K01XI3,Equity Scheme - Large Cap Fund,118632,Nippon Large Cap,Open Ended Schemes,18-07-2024,97.70550
Nippon Large Cap,118632,Nippon India Mutual Fund,,INF204K01XI3,Equity Scheme - Large Cap Fund,118632,Nippon Large Cap,Open Ended Schemes,16-07-2024,97.47130
Nippon Large Cap,118632,Nippon India Mutual Fund,,INF204K01XI3,Equity Scheme - Large Cap Fund,118632,Nippon Large Cap,Open Ended Schemes,15-07-2024,97.76710
Nippon Large Cap,118632,Nippon India Mutual Fund,,INF204K01XI3,Equity Scheme - Large Cap Fund,118632,Nippon Large Cap,Open Ended Schemes,12-07-2024,97.37850
Nippon Large Cap,118632,Nippon India Mutual Fund,,INF204K01XI3,Equity Scheme - Large Cap Fund,118632,Nippon Large Cap,Open Ended Schemes,11-07-2024,97.09600
Nippon Large Cap,118632,Nippon India Mutual Fund,,INF204K01XI3,Equity Scheme - Large Cap Fund,118632,Nippon Large Cap,Open Ended Schemes,10-07-2024,96.98450
Nippon Large Cap,118632,Nippon India Mutual Fund,,INF204K01XI3,Equity Scheme - Large Cap Fund,118632,Nippon Large Cap,Open Ended Schemes,09-07-2024,97.33110
Nippon Large Cap,118632,Nippon India Mutual Fund,,INF204K01XI3,Equity Scheme - Large Cap Fund,118632,Nippon Large Cap,Open Ended Schemes,08-07-2024,96.86470
Nippon Large Cap,118632,Nippon India Mutual Fund,,INF204K01XI3,Equity Scheme - Large Cap Fund,118632,Nippon Large Cap,Open Ended Schemes,05-07-2024,96.82970
Nippon Large Cap,118632,Nippon India Mutual Fund,,INF204K01XI3,Equity Scheme - Large Cap Fund,118632,Nippon Large Cap,Open Ended Schemes,04-07-2024,96.66880
Nippon Large Cap,118632,Nippon India Mutual Fund,,INF204K01XI3,Equity Scheme - Large Cap Fund,118632,Nippon Large Cap,Open Ended Schemes,03-07-2024,96.39880
Nippon Large Cap,118632,Nippon India Mutual Fund,,INF204K01XI3,Equity Scheme - Large Cap Fund,118632,Nippon Large Cap,Open Ended Schemes,02-07-2024,95.58240
Nippon Large Cap,118632,Nippon India Mutual Fund,,INF204K01XI3,Equity Scheme - Large Cap Fund,118632,Nippon Large Cap,Open Ended Schemes,01-07-2024,95.69960
Nippon Large Cap,118632,Nippon India Mutual Fund,,INF204K01XI3,Equity Scheme - Large Cap Fund,118632,Nippon Large Cap,Open Ended Schemes,28-06-2024,94.94160
Nippon Large Cap,118632,Nippon India Mutual Fund,,INF204K01XI3,Equity Scheme - Large Cap Fund,118632,Nippon Large Cap,Open Ended Schemes,27-06-2024,95.12370
Nippon Large Cap,118632,Nippon India Mutual Fund,,INF204K01XI3,Equity Scheme - Large Cap Fund,118632,Nippon Large Cap,Open Ended Schemes,26-06-2024,94.64300
Nippon Large Cap,118632,Nippon India Mutual Fund,,INF204K01XI3,Equity Scheme - Large Cap Fund,118632,Nippon Large Cap,Open Ended Schemes,25-06-2024,94.38140
Nippon Large Cap,118632,Nippon India Mutual Fund,,INF204K01XI3,Equity Scheme - Large Cap Fund,118632,Nippon Large Cap,Open Ended Schemes,24-06-2024,93.73920
Nippon Large Cap,118632,Nippon India Mutual Fund,,INF204K01XI3,Equity Scheme - Large Cap Fund,118632,Nippon Large Cap,Open Ended Schemes,21-06-2024,93.55370
Nippon Large Cap,118632,Nippon India Mutual Fund,,INF204K01XI3,Equity Scheme - Large Cap Fund,118632,Nippon Large Cap,Open Ended Schemes,20-06-2024,93.87530
Nippon Large Cap,118632,Nippon India Mutual Fund,,INF204K01XI3,Equity Scheme - Large Cap Fund,118632,Nippon Large Cap,Open Ended Schemes,19-06-2024,93.58490
Nippon Large Cap,118632,Nippon India Mutual Fund,,INF204K01XI3,Equity Scheme - Large Cap Fund,118632,Nippon Large Cap,Open Ended Schemes,18-06-2024,93.80300
Nippon Large Cap,118632,Nippon India Mutual Fund,,INF204K01XI3,Equity Scheme - Large Cap Fund,118632,Nippon Large Cap,Open Ended Schemes,14-06-2024,93.65670
Nippon Large Cap,118632,Nippon India Mutual Fund,,INF204K01XI3,Equity Scheme - Large Cap Fund,118632,Nippon Large Cap,Open Ended Schemes,13-06-2024,93.04000
Nippon Large Cap,118632,Nippon India Mutual Fund,,INF204K01XI3,Equity Scheme - Large Cap Fund,118632,Nippon Large Cap,Open Ended Schemes,12-06-2024,92.56120
Nippon Large Cap,118632,Nippon India Mutual Fund,,INF204K01XI3,Equity Scheme - Large Cap Fund,118632,Nippon Large Cap,Open Ended Schemes,11-06-2024,92.12060
Nippon Large Cap,118632,Nippon India Mutual Fund,,INF204K01XI3,Equity Scheme - Large Cap Fund,118632,Nippon Large Cap,Open Ended Schemes,10-06-2024,92.00970
Nippon Large Cap,118632,Nippon India Mutual Fund,,INF204K01XI3,Equity Scheme - Large Cap Fund,118632,Nippon Large Cap,Open Ended Schemes,07-06-2024,91.85620
Nippon Large Cap,118632,Nippon India Mutual Fund,,INF204K01XI3,Equity Scheme - Large Cap Fund,118632,Nippon Large Cap,Open Ended Schemes,06-06-2024,90.12670
Nippon Large Cap,118632,Nippon India Mutual Fund,,INF204K01XI3,Equity Scheme - Large Cap Fund,118632,Nippon Large Cap,Open Ended Schemes,05-06-2024,89.11720
Nippon Large Cap,118632,Nippon India Mutual Fund,,INF204K01XI3,Equity Scheme - Large Cap Fund,118632,Nippon Large Cap,Open Ended Schemes,04-06-2024,86.30420
Nippon Large Cap,118632,Nippon India Mutual Fund,,INF204K01XI3,Equity Scheme - Large Cap Fund,118632,Nippon Large Cap,Open Ended Schemes,03-06-2024,92.42710
Nippon Large Cap,118632,Nippon India Mutual Fund,,INF204K01XI3,Equity Scheme - Large Cap Fund,118632,Nippon Large Cap,Open Ended Schemes,31-05-2024,89.44810
Nippon Large Cap,118632,Nippon India Mutual Fund,,INF204K01XI3,Equity Scheme - Large Cap Fund,118632,Nippon Large Cap,Open Ended Schemes,30-05-2024,88.99330
Nippon Large Cap,118632,Nippon India Mutual Fund,,INF204K01XI3,Equity Scheme - Large Cap Fund,118632,Nippon Large Cap,Open Ended Schemes,29-05-2024,89.65030
Nippon Large Cap,118632,Nippon India Mutual Fund,,INF204K01XI3,Equity Scheme - Large Cap Fund,118632,Nippon Large Cap,Open Ended Schemes,28-05-2024,90.42020
Nippon Large Cap,118632,Nippon India Mutual Fund,,INF204K01XI3,Equity Scheme - Large Cap Fund,118632,Nippon Large Cap,Open Ended Schemes,27-05-2024,90.78770
Nippon Large Cap,118632,Nippon India Mutual Fund,,INF204K01XI3,Equity Scheme - Large Cap Fund,118632,Nippon Large Cap,Open Ended Schemes,24-05-2024,90.91400
Nippon Large Cap,118632,Nippon India Mutual Fund,,INF204K01XI3,Equity Scheme - Large Cap Fund,118632,Nippon Large Cap,Open Ended Schemes,23-05-2024,90.95720
Nippon Large Cap,118632,Nippon India Mutual Fund,,INF204K01XI3,Equity Scheme - Large Cap Fund,118632,Nippon Large Cap,Open Ended Schemes,22-05-2024,89.86400
Nippon Large Cap,118632,Nippon India Mutual Fund,,INF204K01XI3,Equity Scheme - Large Cap Fund,118632,Nippon Large Cap,Open Ended Schemes,21-05-2024,89.50670
Nippon Large Cap,118632,Nippon India Mutual Fund,,INF204K01XI3,Equity Scheme - Large Cap Fund,118632,Nippon Large Cap,Open Ended Schemes,17-05-2024,89.12560
Nippon Large Cap,118632,Nippon India Mutual Fund,,INF204K01XI3,Equity Scheme - Large Cap Fund,118632,Nippon Large Cap,Open Ended Schemes,16-05-2024,88.72590
Nippon Large Cap,118632,Nippon India Mutual Fund,,INF204K01XI3,Equity Scheme - Large Cap Fund,118632,Nippon Large Cap,Open Ended Schemes,15-05-2024,87.83770
Nippon Large Cap,118632,Nippon India Mutual Fund,,INF204K01XI3,Equity Scheme - Large Cap Fund,118632,Nippon Large Cap,Open Ended Schemes,14-05-2024,87.62740
Nippon Large Cap,118632,Nippon India Mutual Fund,,INF204K01XI3,Equity Scheme - Large Cap Fund,118632,Nippon Large Cap,Open Ended Schemes,13-05-2024,87.17400
Nippon Large Cap,118632,Nippon India Mutual Fund,,INF204K01XI3,Equity Scheme - Large Cap Fund,118632,Nippon Large Cap,Open Ended Schemes,10-05-2024,86.98910
Nippon Large Cap,118632,Nippon India Mutual Fund,,INF204K01XI3,Equity Scheme - Large Cap Fund,118632,Nippon Large Cap,Open Ended Schemes,09-05-2024,86.35470
Nippon Large Cap,118632,Nippon India Mutual Fund,,INF204K01XI3,Equity Scheme - Large Cap Fund,118632,Nippon Large Cap,Open Ended Schemes,08-05-2024,87.90400
Nippon Large Cap,118632,Nippon India Mutual Fund,,INF204K01XI3,Equity Scheme - Large Cap Fund,118632,Nippon Large Cap,Open Ended Schemes,07-05-2024,87.75610
Nippon Large Cap,118632,Nippon India Mutual Fund,,INF204K01XI3,Equity Scheme - Large Cap Fund,118632,Nippon Large Cap,Open Ended Schemes,06-05-2024,88.33160
Nippon Large Cap,118632,Nippon India Mutual Fund,,INF204K01XI3,Equity Scheme - Large Cap Fund,118632,Nippon Large Cap,Open Ended Schemes,03-05-2024,88.73900
Nippon Large Cap,118632,Nippon India Mutual Fund,,INF204K01XI3,Equity Scheme - Large Cap Fund,118632,Nippon Large Cap,Open Ended Schemes,02-05-2024,89.32460
Nippon Large Cap,118632,Nippon India Mutual Fund,,INF204K01XI3,Equity Scheme - Large Cap Fund,118632,Nippon Large Cap,Open Ended Schemes,30-04-2024,89.09260
Nippon Large Cap,118632,Nippon India Mutual Fund,,INF204K01XI3,Equity Scheme - Large Cap Fund,118632,Nippon Large Cap,Open Ended Schemes,29-04-2024,89.08300
Nippon Large Cap,118632,Nippon India Mutual Fund,,INF204K01XI3,Equity Scheme - Large Cap Fund,118632,Nippon Large Cap,Open Ended Schemes,26-04-2024,88.16580
Nippon Large Cap,118632,Nippon India Mutual Fund,,INF204K01XI3,Equity Scheme - Large Cap Fund,118632,Nippon Large Cap,Open Ended Schemes,25-04-2024,88.61250
Nippon Large Cap,118632,Nippon India Mutual Fund,,INF204K01XI3,Equity Scheme - Large Cap Fund,118632,Nippon Large Cap,Open Ended Schemes,24-04-2024,87.73080
Nippon Large Cap,118632,Nippon India Mutual Fund,,INF204K01XI3,Equity Scheme - Large Cap Fund,118632,Nippon Large Cap,Open Ended Schemes,23-04-2024,87.56550
Nippon Large Cap,118632,Nippon India Mutual Fund,,INF204K01XI3,Equity Scheme - Large Cap Fund,118632,Nippon Large Cap,Open Ended Schemes,22-04-2024,87.41540
Nippon Large Cap,118632,Nippon India Mutual Fund,,INF204K01XI3,Equity Scheme - Large Cap Fund,118632,Nippon Large Cap,Open Ended Schemes,19-04-2024,86.57410
Nippon Large Cap,118632,Nippon India Mutual Fund,,INF204K01XI3,Equity Scheme - Large Cap Fund,118632,Nippon Large Cap,Open Ended Schemes,18-04-2024,85.95440
Nippon Large Cap,118632,Nippon India Mutual Fund,,INF204K01XI3,Equity Scheme - Large Cap Fund,118632,Nippon Large Cap,Open Ended Schemes,16-04-2024,86.48440
Nippon Large Cap,118632,Nippon India Mutual Fund,,INF204K01XI3,Equity Scheme - Large Cap Fund,118632,Nippon Large Cap,Open Ended Schemes,15-04-2024,86.73510
Nippon Large Cap,118632,Nippon India Mutual Fund,,INF204K01XI3,Equity Scheme - Large Cap Fund,118632,Nippon Large Cap,Open Ended Schemes,12-04-2024,87.87480
Nippon Large Cap,118632,Nippon India Mutual Fund,,INF204K01XI3,Equity Scheme - Large Cap Fund,118632,Nippon Large Cap,Open Ended Schemes,10-04-2024,88.64870
Nippon Large Cap,118632,Nippon India Mutual Fund,,INF204K01XI3,Equity Scheme - Large Cap Fund,118632,Nippon Large Cap,Open Ended Schemes,09-04-2024,88.36090
Nippon Large Cap,118632,Nippon India Mutual Fund,,INF204K01XI3,Equity Scheme - Large Cap Fund,118632,Nippon Large Cap,Open Ended Schemes,08-04-2024,88.42120
Nippon Large Cap,118632,Nippon India Mutual Fund,,INF204K01XI3,Equity Scheme - Large Cap Fund,118632,Nippon Large Cap,Open Ended Schemes,05-04-2024,87.86560
Nippon Large Cap,118632,Nippon India Mutual Fund,,INF204K01XI3,Equity Scheme - Large Cap Fund,118632,Nippon Large Cap,Open Ended Schemes,04-04-2024,87.58460
Nippon Large Cap,118632,Nippon India Mutual Fund,,INF204K01XI3,Equity Scheme - Large Cap Fund,118632,Nippon Large Cap,Open Ended Schemes,03-04-2024,87.35910
Nippon Large Cap,118632,Nippon India Mutual Fund,,INF204K01XI3,Equity Scheme - Large Cap Fund,118632,Nippon Large Cap,Open Ended Schemes,02-04-2024,87.16710
Nippon Large Cap,118632,Nippon India Mutual Fund,,INF204K01XI3,Equity Scheme - Large Cap Fund,118632,Nippon Large Cap,Open Ended Schemes,01-04-2024,87.14470
Nippon Large Cap,118632,Nippon India Mutual Fund,,INF204K01XI3,Equity Scheme - Large Cap Fund,118632,Nippon Large Cap,Open Ended Schemes,31-03-2024,86.23240
Nippon Large Cap,118632,Nippon India Mutual Fund,,INF204K01XI3,Equity Scheme - Large Cap Fund,118632,Nippon Large Cap,Open Ended Schemes,28-03-2024,86.23560
Nippon Large Cap,118632,Nippon India Mutual Fund,,INF204K01XI3,Equity Scheme - Large Cap Fund,118632,Nippon Large Cap,Open Ended Schemes,27-03-2024,85.40680
Nippon Large Cap,118632,Nippon India Mutual Fund,,INF204K01XI3,Equity Scheme - Large Cap Fund,118632,Nippon Large Cap,Open Ended Schemes,26-03-2024,85.02020
Nippon Large Cap,118632,Nippon India Mutual Fund,,INF204K01XI3,Equity Scheme - Large Cap Fund,118632,Nippon Large Cap,Open Ended Schemes,22-03-2024,84.85350
Nippon Large Cap,118632,Nippon India Mutual Fund,,INF204K01XI3,Equity Scheme - Large Cap Fund,118632,Nippon Large Cap,Open Ended Schemes,21-03-2024,84.45610
Nippon Large Cap,118632,Nippon India Mutual Fund,,INF204K01XI3,Equity Scheme - Large Cap Fund,118632,Nippon Large Cap,Open Ended Schemes,20-03-2024,83.35380
Nippon Large Cap,118632,Nippon India Mutual Fund,,INF204K01XI3,Equity Scheme - Large Cap Fund,118632,Nippon Large Cap,Open Ended Schemes,19-03-2024,83.16390
Nippon Large Cap,118632,Nippon India Mutual Fund,,INF204K01XI3,Equity Scheme - Large Cap Fund,118632,Nippon Large Cap,Open Ended Schemes,18-03-2024,83.98510
Nippon Large Cap,118632,Nippon India Mutual Fund,,INF204K01XI3,Equity Scheme - Large Cap Fund,118632,Nippon Large Cap,Open Ended Schemes,15-03-2024,83.69020
Nippon Large Cap,118632,Nippon India Mutual Fund,,INF204K01XI3,Equity Scheme - Large Cap Fund,118632,Nippon Large Cap,Open Ended Schemes,14-03-2024,84.05680
Nippon Large Cap,118632,Nippon India Mutual Fund,,INF204K01XI3,Equity Scheme - Large Cap Fund,118632,Nippon Large Cap,Open Ended Schemes,13-03-2024,83.42000
Nippon Large Cap,118632,Nippon India Mutual Fund,,INF204K01XI3,Equity Scheme - Large Cap Fund,118632,Nippon Large Cap,Open Ended Schemes,12-03-2024,85.10580
Nippon Large Cap,118632,Nippon India Mutual Fund,,INF204K01XI3,Equity Scheme - Large Cap Fund,118632,Nippon Large Cap,Open Ended Schemes,11-03-2024,85.43840
Nippon Large Cap,118632,Nippon India Mutual Fund,,INF204K01XI3,Equity Scheme - Large Cap Fund,118632,Nippon Large Cap,Open Ended Schemes,07-03-2024,86.24290
Nippon Large Cap,118632,Nippon India Mutual Fund,,INF204K01XI3,Equity Scheme - Large Cap Fund,118632,Nippon Large Cap,Open Ended Schemes,06-03-2024,85.81000
Nippon Large Cap,118632,Nippon India Mutual Fund,,INF204K01XI3,Equity Scheme - Large Cap Fund,118632,Nippon Large Cap,Open Ended Schemes,05-03-2024,85.85360
Nippon Large Cap,118632,Nippon India Mutual Fund,,INF204K01XI3,Equity Scheme - Large Cap Fund,118632,Nippon Large Cap,Open Ended Schemes,04-03-2024,85.83890
Nippon Large Cap,118632,Nippon India Mutual Fund,,INF204K01XI3,Equity Scheme - Large Cap Fund,118632,Nippon Large Cap,Open Ended Schemes,01-03-2024,85.37180
Nippon Large Cap,118632,Nippon India Mutual Fund,,INF204K01XI3,Equity Scheme - Large Cap Fund,118632,Nippon Large Cap,Open Ended Schemes,29-02-2024,84.05690
Nippon Large Cap,118632,Nippon India Mutual Fund,,INF204K01XI3,Equity Scheme - Large Cap Fund,118632,Nippon Large Cap,Open Ended Schemes,28-02-2024,83.62310
Nippon Large Cap,118632,Nippon India Mutual Fund,,INF204K01XI3,Equity Scheme - Large Cap Fund,118632,Nippon Large Cap,Open Ended Schemes,27-02-2024,84.55430
Nippon Large Cap,118632,Nippon India Mutual Fund,,INF204K01XI3,Equity Scheme - Large Cap Fund,118632,Nippon Large Cap,Open Ended Schemes,26-02-2024,84.48020
Nippon Large Cap,118632,Nippon India Mutual Fund,,INF204K01XI3,Equity Scheme - Large Cap Fund,118632,Nippon Large Cap,Open Ended Schemes,23-02-2024,84.67450
Nippon Large Cap,118632,Nippon India Mutual Fund,,INF204K01XI3,Equity Scheme - Large Cap Fund,118632,Nippon Large Cap,Open Ended Schemes,22-02-2024,84.47390
Nippon Large Cap,118632,Nippon India Mutual Fund,,INF204K01XI3,Equity Scheme - Large Cap Fund,118632,Nippon Large Cap,Open Ended Schemes,21-02-2024,83.75970
Nippon Large Cap,118632,Nippon India Mutual Fund,,INF204K01XI3,Equity Scheme - Large Cap Fund,118632,Nippon Large Cap,Open Ended Schemes,20-02-2024,84.06110
Nippon Large Cap,118632,Nippon India Mutual Fund,,INF204K01XI3,Equity Scheme - Large Cap Fund,118632,Nippon Large Cap,Open Ended Schemes,19-02-2024,83.70030
Nippon Large Cap,118632,Nippon India Mutual Fund,,INF204K01XI3,Equity Scheme - Large Cap Fund,118632,Nippon Large Cap,Open Ended Schemes,16-02-2024,83.54780
Nippon Large Cap,118632,Nippon India Mutual Fund,,INF204K01XI3,Equity Scheme - Large Cap Fund,118632,Nippon Large Cap,Open Ended Schemes,15-02-2024,83.15570
Nippon Large Cap,118632,Nippon India Mutual Fund,,INF204K01XI3,Equity Scheme - Large Cap Fund,118632,Nippon Large Cap,Open Ended Schemes,14-02-2024,82.84330
Nippon Large Cap,118632,Nippon India Mutual Fund,,INF204K01XI3,Equity Scheme - Large Cap Fund,118632,Nippon Large Cap,Open Ended Schemes,13-02-2024,82.18780
Nippon Large Cap,118632,Nippon India Mutual Fund,,INF204K01XI3,Equity Scheme - Large Cap Fund,118632,Nippon Large Cap,Open Ended Schemes,12-02-2024,81.62870
Nippon Large Cap,118632,Nippon India Mutual Fund,,INF204K01XI3,Equity Scheme - Large Cap Fund,118632,Nippon Large Cap,Open Ended Schemes,09-02-2024,82.87520
Nippon Large Cap,118632,Nippon India Mutual Fund,,INF204K01XI3,Equity Scheme - Large Cap Fund,118632,Nippon Large Cap,Open Ended Schemes,08-02-2024,82.58970
Nippon Large Cap,118632,Nippon India Mutual Fund,,INF204K01XI3,Equity Scheme - Large Cap Fund,118632,Nippon Large Cap,Open Ended Schemes,07-02-2024,83.03130
Nippon Large Cap,118632,Nippon India Mutual Fund,,INF204K01XI3,Equity Scheme - Large Cap Fund,118632,Nippon Large Cap,Open Ended Schemes,06-02-2024,82.27200
Nippon Large Cap,118632,Nippon India Mutual Fund,,INF204K01XI3,Equity Scheme - Large Cap Fund,118632,Nippon Large Cap,Open Ended Schemes,05-02-2024,81.54160
Nippon Large Cap,118632,Nippon India Mutual Fund,,INF204K01XI3,Equity Scheme - Large Cap Fund,118632,Nippon Large Cap,Open Ended Schemes,02-02-2024,81.78410
Nippon Large Cap,118632,Nippon India Mutual Fund,,INF204K01XI3,Equity Scheme - Large Cap Fund,118632,Nippon Large Cap,Open Ended Schemes,01-02-2024,81.39170
Nippon Large Cap,118632,Nippon India Mutual Fund,,INF204K01XI3,Equity Scheme - Large Cap Fund,118632,Nippon Large Cap,Open Ended Schemes,31-01-2024,81.51480
Nippon Large Cap,118632,Nippon India Mutual Fund,,INF204K01XI3,Equity Scheme - Large Cap Fund,118632,Nippon Large Cap,Open Ended Schemes,30-01-2024,80.78130
Nippon Large Cap,118632,Nippon India Mutual Fund,,INF204K01XI3,Equity Scheme - Large Cap Fund,118632,Nippon Large Cap,Open Ended Schemes,29-01-2024,81.47800
Nippon Large Cap,118632,Nippon India Mutual Fund,,INF204K01XI3,Equity Scheme - Large Cap Fund,118632,Nippon Large Cap,Open Ended Schemes,25-01-2024,80.12330
Nippon Large Cap,118632,Nippon India Mutual Fund,,INF204K01XI3,Equity Scheme - Large Cap Fund,118632,Nippon Large Cap,Open Ended Schemes,24-01-2024,80.30790
Nippon Large Cap,118632,Nippon India Mutual Fund,,INF204K01XI3,Equity Scheme - Large Cap Fund,118632,Nippon Large Cap,Open Ended Schemes,23-01-2024,79.30970
Nippon Large Cap,118632,Nippon India Mutual Fund,,INF204K01XI3,Equity Scheme - Large Cap Fund,118632,Nippon Large Cap,Open Ended Schemes,19-01-2024,81.05210
Nippon Large Cap,118632,Nippon India Mutual Fund,,INF204K01XI3,Equity Scheme - Large Cap Fund,118632,Nippon Large Cap,Open Ended Schemes,18-01-2024,80.24850
Nippon Large Cap,118632,Nippon India Mutual Fund,,INF204K01XI3,Equity Scheme - Large Cap Fund,118632,Nippon Large Cap,Open Ended Schemes,17-01-2024,80.47610
Nippon Large Cap,118632,Nippon India Mutual Fund,,INF204K01XI3,Equity Scheme - Large Cap Fund,118632,Nippon Large Cap,Open Ended Schemes,16-01-2024,82.05350
Nippon Large Cap,118632,Nippon India Mutual Fund,,INF204K01XI3,Equity Scheme - Large Cap Fund,118632,Nippon Large Cap,Open Ended Schemes,15-01-2024,82.24570
Nippon Large Cap,118632,Nippon India Mutual Fund,,INF204K01XI3,Equity Scheme - Large Cap Fund,118632,Nippon Large Cap,Open Ended Schemes,12-01-2024,81.77450
Nippon Large Cap,118632,Nippon India Mutual Fund,,INF204K01XI3,Equity Scheme - Large Cap Fund,118632,Nippon Large Cap,Open Ended Schemes,11-01-2024,81.13640
Nippon Large Cap,118632,Nippon India Mutual Fund,,INF204K01XI3,Equity Scheme - Large Cap Fund,118632,Nippon Large Cap,Open Ended Schemes,10-01-2024,80.85020
Nippon Large Cap,118632,Nippon India Mutual Fund,,INF204K01XI3,Equity Scheme - Large Cap Fund,118632,Nippon Large Cap,Open Ended Schemes,09-01-2024,80.61450
Nippon Large Cap,118632,Nippon India Mutual Fund,,INF204K01XI3,Equity Scheme - Large Cap Fund,118632,Nippon Large Cap,Open Ended Schemes,08-01-2024,80.37280
Nippon Large Cap,118632,Nippon India Mutual Fund,,INF204K01XI3,Equity Scheme - Large Cap Fund,118632,Nippon Large Cap,Open Ended Schemes,05-01-2024,81.05900
Nippon Large Cap,118632,Nippon India Mutual Fund,,INF204K01XI3,Equity Scheme - Large Cap Fund,118632,Nippon Large Cap,Open Ended Schemes,04-01-2024,80.92620
Nippon Large Cap,118632,Nippon India Mutual Fund,,INF204K01XI3,Equity Scheme - Large Cap Fund,118632,Nippon Large Cap,Open Ended Schemes,03-01-2024,80.13180
Nippon Large Cap,118632,Nippon India Mutual Fund,,INF204K01XI3,Equity Scheme - Large Cap Fund,118632,Nippon Large Cap,Open Ended Schemes,02-01-2024,80.35850
Nippon Large Cap,118632,Nippon India Mutual Fund,,INF204K01XI3,Equity Scheme - Large Cap Fund,118632,Nippon Large Cap,Open Ended Schemes,01-01-2024,80.38770
Nippon Large Cap,118632,Nippon India Mutual Fund,,INF204K01XI3,Equity Scheme - Large Cap Fund,118632,Nippon Large Cap,Open Ended Schemes,29-12-2023,80.21430
Nippon Large Cap,118632,Nippon India Mutual Fund,,INF204K01XI3,Equity Scheme - Large Cap Fund,118632,Nippon Large Cap,Open Ended Schemes,28-12-2023,80.05700
Nippon Large Cap,118632,Nippon India Mutual Fund,,INF204K01XI3,Equity Scheme - Large Cap Fund,118632,Nippon Large Cap,Open Ended Schemes,27-12-2023,79.61450
Nippon Large Cap,118632,Nippon India Mutual Fund,,INF204K01XI3,Equity Scheme - Large Cap Fund,118632,Nippon Large Cap,Open Ended Schemes,26-12-2023,78.93120
Nippon Large Cap,118632,Nippon India Mutual Fund,,INF204K01XI3,Equity Scheme - Large Cap Fund,118632,Nippon Large Cap,Open Ended Schemes,22-12-2023,78.73630
Nippon Large Cap,118632,Nippon India Mutual Fund,,INF204K01XI3,Equity Scheme - Large Cap Fund,118632,Nippon Large Cap,Open Ended Schemes,21-12-2023,78.43130
Nippon Large Cap,118632,Nippon India Mutual Fund,,INF204K01XI3,Equity Scheme - Large Cap Fund,118632,Nippon Large Cap,Open Ended Schemes,20-12-2023,77.87400
Nippon Large Cap,118632,Nippon India Mutual Fund,,INF204K01XI3,Equity Scheme - Large Cap Fund,118632,Nippon Large Cap,Open Ended Schemes,19-12-2023,79.60310
Nippon Large Cap,118632,Nippon India Mutual Fund,,INF204K01XI3,Equity Scheme - Large Cap Fund,118632,Nippon Large Cap,Open Ended Schemes,18-12-2023,79.49040
Nippon Large Cap,118632,Nippon India Mutual Fund,,INF204K01XI3,Equity Scheme - Large Cap Fund,118632,Nippon Large Cap,Open Ended Schemes,15-12-2023,79.42300
Nippon Large Cap,118632,Nippon India Mutual Fund,,INF204K01XI3,Equity Scheme - Large Cap Fund,118632,Nippon Large Cap,Open Ended Schemes,14-12-2023,78.55520
Nippon Large Cap,118632,Nippon India Mutual Fund,,INF204K01XI3,Equity Scheme - Large Cap Fund,118632,Nippon Large Cap,Open Ended Schemes,13-12-2023,77.74740
Nippon Large Cap,118632,Nippon India Mutual Fund,,INF204K01XI3,Equity Scheme - Large Cap Fund,118632,Nippon Large Cap,Open Ended Schemes,12-12-2023,77.33490
Nippon Large Cap,118632,Nippon India Mutual Fund,,INF204K01XI3,Equity Scheme - Large Cap Fund,118632,Nippon Large Cap,Open Ended Schemes,11-12-2023,77.58400
Nippon Large Cap,118632,Nippon India Mutual Fund,,INF204K01XI3,Equity Scheme - Large Cap Fund,118632,Nippon Large Cap,Open Ended Schemes,08-12-2023,77.25760
Nippon Large Cap,118632,Nippon India Mutual Fund,,INF204K01XI3,Equity Scheme - Large Cap Fund,118632,Nippon Large Cap,Open Ended Schemes,07-12-2023,77.10940
Nippon Large Cap,118632,Nippon India Mutual Fund,,INF204K01XI3,Equity Scheme - Large Cap Fund,118632,Nippon Large Cap,Open Ended Schemes,06-12-2023,76.77910
Nippon Large Cap,118632,Nippon India Mutual Fund,,INF204K01XI3,Equity Scheme - Large Cap Fund,118632,Nippon Large Cap,Open Ended Schemes,05-12-2023,76.36520
Nippon Large Cap,118632,Nippon India Mutual Fund,,INF204K01XI3,Equity Scheme - Large Cap Fund,118632,Nippon Large Cap,Open Ended Schemes,04-12-2023,76.02970
Nippon Large Cap,118632,Nippon India Mutual Fund,,INF204K01XI3,Equity Scheme - Large Cap Fund,118632,Nippon Large Cap,Open Ended Schemes,01-12-2023,74.70300
Nippon Large Cap,118632,Nippon India Mutual Fund,,INF204K01XI3,Equity Scheme - Large Cap Fund,118632,Nippon Large Cap,Open Ended Schemes,30-11-2023,73.96780
Nippon Large Cap,118632,Nippon India Mutual Fund,,INF204K01XI3,Equity Scheme - Large Cap Fund,118632,Nippon Large Cap,Open Ended Schemes,29-11-2023,73.72590
Nippon Large Cap,118632,Nippon India Mutual Fund,,INF204K01XI3,Equity Scheme - Large Cap Fund,118632,Nippon Large Cap,Open Ended Schemes,28-11-2023,73.07920
Nippon Large Cap,118632,Nippon India Mutual Fund,,INF204K01XI3,Equity Scheme - Large Cap Fund,118632,Nippon Large Cap,Open Ended Schemes,24-11-2023,72.66770
Nippon Large Cap,118632,Nippon India Mutual Fund,,INF204K01XI3,Equity Scheme - Large Cap Fund,118632,Nippon Large Cap,Open Ended Schemes,23-11-2023,72.66590
Nippon Large Cap,118632,Nippon India Mutual Fund,,INF204K01XI3,Equity Scheme - Large Cap Fund,118632,Nippon Large Cap,Open Ended Schemes,22-11-2023,72.62290
Nippon Large Cap,118632,Nippon India Mutual Fund,,INF204K01XI3,Equity Scheme - Large Cap Fund,118632,Nippon Large Cap,Open Ended Schemes,21-11-2023,72.70490
Nippon Large Cap,118632,Nippon India Mutual Fund,,INF204K01XI3,Equity Scheme - Large Cap Fund,118632,Nippon Large Cap,Open Ended Schemes,20-11-2023,72.46750
Nippon Large Cap,118632,Nippon India Mutual Fund,,INF204K01XI3,Equity Scheme - Large Cap Fund,118632,Nippon Large Cap,Open Ended Schemes,17-11-2023,72.55600
Nippon Large Cap,118632,Nippon India Mutual Fund,,INF204K01XI3,Equity Scheme - Large Cap Fund,118632,Nippon Large Cap,Open Ended Schemes,16-11-2023,72.74960
Nippon Large Cap,118632,Nippon India Mutual Fund,,INF204K01XI3,Equity Scheme - Large Cap Fund,118632,Nippon Large Cap,Open Ended Schemes,15-11-2023,72.47390
Nippon Large Cap,118632,Nippon India Mutual Fund,,INF204K01XI3,Equity Scheme - Large Cap Fund,118632,Nippon Large Cap,Open Ended Schemes,13-11-2023,71.90870
Nippon Large Cap,118632,Nippon India Mutual Fund,,INF204K01XI3,Equity Scheme - Large Cap Fund,118632,Nippon Large Cap,Open Ended Schemes,10-11-2023,71.69760
Nippon Large Cap,118632,Nippon India Mutual Fund,,INF204K01XI3,Equity Scheme - Large Cap Fund,118632,Nippon Large Cap,Open Ended Schemes,09-11-2023,71.62230
Nippon Large Cap,118632,Nippon India Mutual Fund,,INF204K01XI3,Equity Scheme - Large Cap Fund,118632,Nippon Large Cap,Open Ended Schemes,08-11-2023,71.85820
Nippon Large Cap,118632,Nippon India Mutual Fund,,INF204K01XI3,Equity Scheme - Large Cap Fund,118632,Nippon Large Cap,Open Ended Schemes,07-11-2023,71.69200
Nippon Large Cap,118632,Nippon India Mutual Fund,,INF204K01XI3,Equity Scheme - Large Cap Fund,118632,Nippon Large Cap,Open Ended Schemes,06-11-2023,71.67170
Nippon Large Cap,118632,Nippon India Mutual Fund,,INF204K01XI3,Equity Scheme - Large Cap Fund,118632,Nippon Large Cap,Open Ended Schemes,03-11-2023,70.99840
Nippon Large Cap,118632,Nippon India Mutual Fund,,INF204K01XI3,Equity Scheme - Large Cap Fund,118632,Nippon Large Cap,Open Ended Schemes,02-11-2023,70.51270
Nippon Large Cap,118632,Nippon India Mutual Fund,,INF204K01XI3,Equity Scheme - Large Cap Fund,118632,Nippon Large Cap,Open Ended Schemes,01-11-2023,69.88430
Nippon Large Cap,118632,Nippon India Mutual Fund,,INF204K01XI3,Equity Scheme - Large Cap Fund,118632,Nippon Large Cap,Open Ended Schemes,31-10-2023,70.10220
Nippon Large Cap,118632,Nippon India Mutual Fund,,INF204K01XI3,Equity Scheme - Large Cap Fund,118632,Nippon Large Cap,Open Ended Schemes,30-10-2023,70.20940
Nippon Large Cap,118632,Nippon India Mutual Fund,,INF204K01XI3,Equity Scheme - Large Cap Fund,118632,Nippon Large Cap,Open Ended Schemes,27-10-2023,70.03430
Nippon Large Cap,118632,Nippon India Mutual Fund,,INF204K01XI3,Equity Scheme - Large Cap Fund,118632,Nippon Large Cap,Open Ended Schemes,26-10-2023,69.21510
Nippon Large Cap,118632,Nippon India Mutual Fund,,INF204K01XI3,Equity Scheme - Large Cap Fund,118632,Nippon Large Cap,Open Ended Schemes,25-10-2023,70.01110
Nippon Large Cap,118632,Nippon India Mutual Fund,,INF204K01XI3,Equity Scheme - Large Cap Fund,118632,Nippon Large Cap,Open Ended Schemes,23-10-2023,70.51590
Nippon Large Cap,118632,Nippon India Mutual Fund,,INF204K01XI3,Equity Scheme - Large Cap Fund,118632,Nippon Large Cap,Open Ended Schemes,20-10-2023,71.70260
Nippon Large Cap,118632,Nippon India Mutual Fund,,INF204K01XI3,Equity Scheme - Large Cap Fund,118632,Nippon Large Cap,Open Ended Schemes,19-10-2023,72.21820
Nippon Large Cap,118632,Nippon India Mutual Fund,,INF204K01XI3,Equity Scheme - Large Cap Fund,118632,Nippon Large Cap,Open Ended Schemes,18-10-2023,72.39490
Nippon Large Cap,118632,Nippon India Mutual Fund,,INF204K01XI3,Equity Scheme - Large Cap Fund,118632,Nippon Large Cap,Open Ended Schemes,17-10-2023,73.02380
Nippon Large Cap,118632,Nippon India Mutual Fund,,INF204K01XI3,Equity Scheme - Large Cap Fund,118632,Nippon Large Cap,Open Ended Schemes,16-10-2023,72.72530
Nippon Large Cap,118632,Nippon India Mutual Fund,,INF204K01XI3,Equity Scheme - Large Cap Fund,118632,Nippon Large Cap,Open Ended Schemes,13-10-2023,72.60090
Nippon Large Cap,118632,Nippon India Mutual Fund,,INF204K01XI3,Equity Scheme - Large Cap Fund,118632,Nippon Large Cap,Open Ended Schemes,12-10-2023,72.82060
Nippon Large Cap,118632,Nippon India Mutual Fund,,INF204K01XI3,Equity Scheme - Large Cap Fund,118632,Nippon Large Cap,Open Ended Schemes,11-10-2023,72.63580
Nippon Large Cap,118632,Nippon India Mutual Fund,,INF204K01XI3,Equity Scheme - Large Cap Fund,118632,Nippon Large Cap,Open Ended Schemes,10-10-2023,72.25010
Nippon Large Cap,118632,Nippon India Mutual Fund,,INF204K01XI3,Equity Scheme - Large Cap Fund,118632,Nippon Large Cap,Open Ended Schemes,09-10-2023,71.52300
Nippon Large Cap,118632,Nippon India Mutual Fund,,INF204K01XI3,Equity Scheme - Large Cap Fund,118632,Nippon Large Cap,Open Ended Schemes,06-10-2023,72.26660
Nippon Large Cap,118632,Nippon India Mutual Fund,,INF204K01XI3,Equity Scheme - Large Cap Fund,118632,Nippon Large Cap,Open Ended Schemes,05-10-2023,71.86910
Nippon Large Cap,118632,Nippon India Mutual Fund,,INF204K01XI3,Equity Scheme - Large Cap Fund,118632,Nippon Large Cap,Open Ended Schemes,04-10-2023,71.48280
Nippon Large Cap,118632,Nippon India Mutual Fund,,INF204K01XI3,Equity Scheme - Large Cap Fund,118632,Nippon Large Cap,Open Ended Schemes,03-10-2023,72.15800
Nippon Large Cap,118632,Nippon India Mutual Fund,,INF204K01XI3,Equity Scheme - Large Cap Fund,118632,Nippon Large Cap,Open Ended Schemes,29-09-2023,72.27250
Nippon Large Cap,118632,Nippon India Mutual Fund,,INF204K01XI3,Equity Scheme - Large Cap Fund,118632,Nippon Large Cap,Open Ended Schemes,27-09-2023,72.24870
Nippon Large Cap,118632,Nippon India Mutual Fund,,INF204K01XI3,Equity Scheme - Large Cap Fund,118632,Nippon Large Cap,Open Ended Schemes,26-09-2023,71.99230
Nippon Large Cap,118632,Nippon India Mutual Fund,,INF204K01XI3,Equity Scheme - Large Cap Fund,118632,Nippon Large Cap,Open Ended Schemes,25-09-2023,71.89460
Nippon Large Cap,118632,Nippon India Mutual Fund,,INF204K01XI3,Equity Scheme - Large Cap Fund,118632,Nippon Large Cap,Open Ended Schemes,22-09-2023,72.01960
Nippon Large Cap,118632,Nippon India Mutual Fund,,INF204K01XI3,Equity Scheme - Large Cap Fund,118632,Nippon Large Cap,Open Ended Schemes,21-09-2023,72.04630
Nippon Large Cap,118632,Nippon India Mutual Fund,,INF204K01XI3,Equity Scheme - Large Cap Fund,118632,Nippon Large Cap,Open Ended Schemes,20-09-2023,72.77310
Nippon Large Cap,118632,Nippon India Mutual Fund,,INF204K01XI3,Equity Scheme - Large Cap Fund,118632,Nippon Large Cap,Open Ended Schemes,18-09-2023,73.46810
Nippon Large Cap,118632,Nippon India Mutual Fund,,INF204K01XI3,Equity Scheme - Large Cap Fund,118632,Nippon Large Cap,Open Ended Schemes,15-09-2023,73.61580
Nippon Large Cap,118632,Nippon India Mutual Fund,,INF204K01XI3,Equity Scheme - Large Cap Fund,118632,Nippon Large Cap,Open Ended Schemes,14-09-2023,73.38080
Nippon Large Cap,118632,Nippon India Mutual Fund,,INF204K01XI3,Equity Scheme - Large Cap Fund,118632,Nippon Large Cap,Open Ended Schemes,13-09-2023,73.14410
Nippon Large Cap,118632,Nippon India Mutual Fund,,INF204K01XI3,Equity Scheme - Large Cap Fund,118632,Nippon Large Cap,Open Ended Schemes,12-09-2023,73.00490
Nippon Large Cap,118632,Nippon India Mutual Fund,,INF204K01XI3,Equity Scheme - Large Cap Fund,118632,Nippon Large Cap,Open Ended Schemes,11-09-2023,73.72560
Nippon Large Cap,118632,Nippon India Mutual Fund,,INF204K01XI3,Equity Scheme - Large Cap Fund,118632,Nippon Large Cap,Open Ended Schemes,08-09-2023,73.11250
Nippon Large Cap,118632,Nippon India Mutual Fund,,INF204K01XI3,Equity Scheme - Large Cap Fund,118632,Nippon Large Cap,Open Ended Schemes,07-09-2023,72.61740
Nippon Large Cap,118632,Nippon India Mutual Fund,,INF204K01XI3,Equity Scheme - Large Cap Fund,118632,Nippon Large Cap,Open Ended Schemes,06-09-2023,72.04600
Nippon Large Cap,118632,Nippon India Mutual Fund,,INF204K01XI3,Equity Scheme - Large Cap Fund,118632,Nippon Large Cap,Open Ended Schemes,05-09-2023,71.88020
Nippon Large Cap,118632,Nippon India Mutual Fund,,INF204K01XI3,Equity Scheme - Large Cap Fund,118632,Nippon Large Cap,Open Ended Schemes,04-09-2023,71.71700
Nippon Large Cap,118632,Nippon India Mutual Fund,,INF204K01XI3,Equity Scheme - Large Cap Fund,118632,Nippon Large Cap,Open Ended Schemes,01-09-2023,71.36640
Nippon Large Cap,118632,Nippon India Mutual Fund,,INF204K01XI3,Equity Scheme - Large Cap Fund,118632,Nippon Large Cap,Open Ended Schemes,31-08-2023,70.72760
Nippon Large Cap,118632,Nippon India Mutual Fund,,INF204K01XI3,Equity Scheme - Large Cap Fund,118632,Nippon Large Cap,Open Ended Schemes,30-08-2023,70.90190
Nippon Large Cap,118632,Nippon India Mutual Fund,,INF204K01XI3,Equity Scheme - Large Cap Fund,118632,Nippon Large Cap,Open Ended Schemes,29-08-2023,70.61850
Nippon Large Cap,118632,Nippon India Mutual Fund,,INF204K01XI3,Equity Scheme - Large Cap Fund,118632,Nippon Large Cap,Open Ended Schemes,28-08-2023,70.44550
Nippon Large Cap,118632,Nippon India Mutual Fund,,INF204K01XI3,Equity Scheme - Large Cap Fund,118632,Nippon Large Cap,Open Ended Schemes,25-08-2023,70.22940
Nippon Large Cap,118632,Nippon India Mutual Fund,,INF204K01XI3,Equity Scheme - Large Cap Fund,118632,Nippon Large Cap,Open Ended Schemes,24-08-2023,70.85940
Nippon Large Cap,118632,Nippon India Mutual Fund,,INF204K01XI3,Equity Scheme - Large Cap Fund,118632,Nippon Large Cap,Open Ended Schemes,23-08-2023,70.94200
Nippon Large Cap,118632,Nippon India Mutual Fund,,INF204K01XI3,Equity Scheme - Large Cap Fund,118632,Nippon Large Cap,Open Ended Schemes,22-08-2023,70.57860
Nippon Large Cap,118632,Nippon India Mutual Fund,,INF204K01XI3,Equity Scheme - Large Cap Fund,118632,Nippon Large Cap,Open Ended Schemes,21-08-2023,70.28400
Nippon Large Cap,118632,Nippon India Mutual Fund,,INF204K01XI3,Equity Scheme - Large Cap Fund,118632,Nippon Large Cap,Open Ended Schemes,18-08-2023,69.93310
Nippon Large Cap,118632,Nippon India Mutual Fund,,INF204K01XI3,Equity Scheme - Large Cap Fund,118632,Nippon Large Cap,Open Ended Schemes,17-08-2023,70.07850
Nippon Large Cap,118632,Nippon India Mutual Fund,,INF204K01XI3,Equity Scheme - Large Cap Fund,118632,Nippon Large Cap,Open Ended Schemes,16-08-2023,70.29730
Nippon Large Cap,118632,Nippon India Mutual Fund,,INF204K01XI3,Equity Scheme - Large Cap Fund,118632,Nippon Large Cap,Open Ended Schemes,14-08-2023,70.11000
Nippon Large Cap,118632,Nippon India Mutual Fund,,INF204K01XI3,Equity Scheme - Large Cap Fund,118632,Nippon Large Cap,Open Ended Schemes,11-08-2023,70.33000
Nippon Large Cap,118632,Nippon India Mutual Fund,,INF204K01XI3,Equity Scheme - Large Cap Fund,118632,Nippon Large Cap,Open Ended Schemes,10-08-2023,70.54980
Nippon Large Cap,118632,Nippon India Mutual Fund,,INF204K01XI3,Equity Scheme - Large Cap Fund,118632,Nippon Large Cap,Open Ended Schemes,09-08-2023,70.68520
Nippon Large Cap,118632,Nippon India Mutual Fund,,INF204K01XI3,Equity Scheme - Large Cap Fund,118632,Nippon Large Cap,Open Ended Schemes,08-08-2023,70.25740
Nippon Large Cap,118632,Nippon India Mutual Fund,,INF204K01XI3,Equity Scheme - Large Cap Fund,118632,Nippon Large Cap,Open Ended Schemes,07-08-2023,70.24920
Nippon Large Cap,118632,Nippon India Mutual Fund,,INF204K01XI3,Equity Scheme - Large Cap Fund,118632,Nippon Large Cap,Open Ended Schemes,04-08-2023,70.06450
Nippon Large Cap,118632,Nippon India Mutual Fund,,INF204K01XI3,Equity Scheme - Large Cap Fund,118632,Nippon Large Cap,Open Ended Schemes,03-08-2023,69.54710
Nippon Large Cap,118632,Nippon India Mutual Fund,,INF204K01XI3,Equity Scheme - Large Cap Fund,118632,Nippon Large Cap,Open Ended Schemes,02-08-2023,69.91060
Nippon Large Cap,118632,Nippon India Mutual Fund,,INF204K01XI3,Equity Scheme - Large Cap Fund,118632,Nippon Large Cap,Open Ended Schemes,01-08-2023,70.83980
Nippon Large Cap,118632,Nippon India Mutual Fund,,INF204K01XI3,Equity Scheme - Large Cap Fund,118632,Nippon Large Cap,Open Ended Schemes,31-07-2023,70.81070
Nippon Large Cap,118632,Nippon India Mutual Fund,,INF204K01XI3,Equity Scheme - Large Cap Fund,118632,Nippon Large Cap,Open Ended Schemes,28-07-2023,70.37680
Nippon Large Cap,118632,Nippon India Mutual Fund,,INF204K01XI3,Equity Scheme - Large Cap Fund,118632,Nippon Large Cap,Open Ended Schemes,27-07-2023,70.16860
Nippon Large Cap,118632,Nippon India Mutual Fund,,INF204K01XI3,Equity Scheme - Large Cap Fund,118632,Nippon Large Cap,Open Ended Schemes,26-07-2023,70.41410
Nippon Large Cap,118632,Nippon India Mutual Fund,,INF204K01XI3,Equity Scheme - Large Cap Fund,118632,Nippon Large Cap,Open Ended Schemes,25-07-2023,70.14930
Nippon Large Cap,118632,Nippon India Mutual Fund,,INF204K01XI3,Equity Scheme - Large Cap Fund,118632,Nippon Large Cap,Open Ended Schemes,24-07-2023,70.00570
Nippon Large Cap,118632,Nippon India Mutual Fund,,INF204K01XI3,Equity Scheme - Large Cap Fund,118632,Nippon Large Cap,Open Ended Schemes,21-07-2023,70.08010
Nippon Large Cap,118632,Nippon India Mutual Fund,,INF204K01XI3,Equity Scheme - Large Cap Fund,118632,Nippon Large Cap,Open Ended Schemes,20-07-2023,70.53030
Nippon Large Cap,118632,Nippon India Mutual Fund,,INF204K01XI3,Equity Scheme - Large Cap Fund,118632,Nippon Large Cap,Open Ended Schemes,19-07-2023,70.08350
Nippon Large Cap,118632,Nippon India Mutual Fund,,INF204K01XI3,Equity Scheme - Large Cap Fund,118632,Nippon Large Cap,Open Ended Schemes,18-07-2023,69.62200
Nippon Large Cap,118632,Nippon India Mutual Fund,,INF204K01XI3,Equity Scheme - Large Cap Fund,118632,Nippon Large Cap,Open Ended Schemes,17-07-2023,69.64520
Nippon Large Cap,118632,Nippon India Mutual Fund,,INF204K01XI3,Equity Scheme - Large Cap Fund,118632,Nippon Large Cap,Open Ended Schemes,14-07-2023,69.10920
Nippon Large Cap,118632,Nippon India Mutual Fund,,INF204K01XI3,Equity Scheme - Large Cap Fund,118632,Nippon Large Cap,Open Ended Schemes,13-07-2023,68.61280
Nippon Large Cap,118632,Nippon India Mutual Fund,,INF204K01XI3,Equity Scheme - Large Cap Fund,118632,Nippon Large Cap,Open Ended Schemes,12-07-2023,68.70790
Nippon Large Cap,118632,Nippon India Mutual Fund,,INF204K01XI3,Equity Scheme - Large Cap Fund,118632,Nippon Large Cap,Open Ended Schemes,11-07-2023,68.66730
Nippon Large Cap,118632,Nippon India Mutual Fund,,INF204K01XI3,Equity Scheme - Large Cap Fund,118632,Nippon Large Cap,Open Ended Schemes,10-07-2023,68.22290
Nippon Large Cap,118632,Nippon India Mutual Fund,,INF204K01XI3,Equity Scheme - Large Cap Fund,118632,Nippon Large Cap,Open Ended Schemes,07-07-2023,68.20280
Nippon Large Cap,118632,Nippon India Mutual Fund,,INF204K01XI3,Equity Scheme - Large Cap Fund,118632,Nippon Large Cap,Open Ended Schemes,06-07-2023,68.58850
Nippon Large Cap,118632,Nippon India Mutual Fund,,INF204K01XI3,Equity Scheme - Large Cap Fund,118632,Nippon Large Cap,Open Ended Schemes,05-07-2023,68.23100
Nippon Large Cap,118632,Nippon India Mutual Fund,,INF204K01XI3,Equity Scheme - Large Cap Fund,118632,Nippon Large Cap,Open Ended Schemes,04-07-2023,68.09200
Nippon Large Cap,118632,Nippon India Mutual Fund,,INF204K01XI3,Equity Scheme - Large Cap Fund,118632,Nippon Large Cap,Open Ended Schemes,03-07-2023,68.02110
Nippon Large Cap,118632,Nippon India Mutual Fund,,INF204K01XI3,Equity Scheme - Large Cap Fund,118632,Nippon Large Cap,Open Ended Schemes,30-06-2023,67.55520
Nippon Large Cap,118632,Nippon India Mutual Fund,,INF204K01XI3,Equity Scheme - Large Cap Fund,118632,Nippon Large Cap,Open Ended Schemes,28-06-2023,66.82200
Nippon Large Cap,118632,Nippon India Mutual Fund,,INF204K01XI3,Equity Scheme - Large Cap Fund,118632,Nippon Large Cap,Open Ended Schemes,27-06-2023,66.25750
Nippon Large Cap,118632,Nippon India Mutual Fund,,INF204K01XI3,Equity Scheme - Large Cap Fund,118632,Nippon Large Cap,Open Ended Schemes,26-06-2023,65.76730
Nippon Large Cap,118632,Nippon India Mutual Fund,,INF204K01XI3,Equity Scheme - Large Cap Fund,118632,Nippon Large Cap,Open Ended Schemes,23-06-2023,65.61570
Nippon Large Cap,118632,Nippon India Mutual Fund,,INF204K01XI3,Equity Scheme - Large Cap Fund,118632,Nippon Large Cap,Open Ended Schemes,22-06-2023,66.07670
Nippon Large Cap,118632,Nippon India Mutual Fund,,INF204K01XI3,Equity Scheme - Large Cap Fund,118632,Nippon Large Cap,Open Ended Schemes,21-06-2023,66.57740
Nippon Large Cap,118632,Nippon India Mutual Fund,,INF204K01XI3,Equity Scheme - Large Cap Fund,118632,Nippon Large Cap,Open Ended Schemes,20-06-2023,66.52800
Nippon Large Cap,118632,Nippon India Mutual Fund,,INF204K01XI3,Equity Scheme - Large Cap Fund,118632,Nippon Large Cap,Open Ended Schemes,19-06-2023,66.21770
Nippon Large Cap,118632,Nippon India Mutual Fund,,INF204K01XI3,Equity Scheme - Large Cap Fund,118632,Nippon Large Cap,Open Ended Schemes,16-06-2023,66.40950
Nippon Large Cap,118632,Nippon India Mutual Fund,,INF204K01XI3,Equity Scheme - Large Cap Fund,118632,Nippon Large Cap,Open Ended Schemes,15-06-2023,65.85560
Nippon Large Cap,118632,Nippon India Mutual Fund,,INF204K01XI3,Equity Scheme - Large Cap Fund,118632,Nippon Large Cap,Open Ended Schemes,14-06-2023,66.11790
Nippon Large Cap,118632,Nippon India Mutual Fund,,INF204K01XI3,Equity Scheme - Large Cap Fund,118632,Nippon Large Cap,Open Ended Schemes,13-06-2023,66.04580
Nippon Large Cap,118632,Nippon India Mutual Fund,,INF204K01XI3,Equity Scheme - Large Cap Fund,118632,Nippon Large Cap,Open Ended Schemes,12-06-2023,65.53780
Nippon Large Cap,118632,Nippon India Mutual Fund,,INF204K01XI3,Equity Scheme - Large Cap Fund,118632,Nippon Large Cap,Open Ended Schemes,09-06-2023,65.35660
Nippon Large Cap,118632,Nippon India Mutual Fund,,INF204K01XI3,Equity Scheme - Large Cap Fund,118632,Nippon Large Cap,Open Ended Schemes,08-06-2023,65.51020
Nippon Large Cap,118632,Nippon India Mutual Fund,,INF204K01XI3,Equity Scheme - Large Cap Fund,118632,Nippon Large Cap,Open Ended Schemes,07-06-2023,65.82090
Nippon Large Cap,118632,Nippon India Mutual Fund,,INF204K01XI3,Equity Scheme - Large Cap Fund,118632,Nippon Large Cap,Open Ended Schemes,06-06-2023,65.25440
Nippon Large Cap,118632,Nippon India Mutual Fund,,INF204K01XI3,Equity Scheme - Large Cap Fund,118632,Nippon Large Cap,Open Ended Schemes,05-06-2023,65.15360
Nippon Large Cap,118632,Nippon India Mutual Fund,,INF204K01XI3,Equity Scheme - Large Cap Fund,118632,Nippon Large Cap,Open Ended Schemes,02-06-2023,64.87090
Nippon Large Cap,118632,Nippon India Mutual Fund,,INF204K01XI3,Equity Scheme - Large Cap Fund,118632,Nippon Large Cap,Open Ended Schemes,01-06-2023,64.62000
Nippon Large Cap,118632,Nippon India Mutual Fund,,INF204K01XI3,Equity Scheme - Large Cap Fund,118632,Nippon Large Cap,Open Ended Schemes,31-05-2023,64.67050
Nippon Large Cap,118632,Nippon India Mutual Fund,,INF204K01XI3,Equity Scheme - Large Cap Fund,118632,Nippon Large Cap,Open Ended Schemes,30-05-2023,64.77990
Nippon Large Cap,118632,Nippon India Mutual Fund,,INF204K01XI3,Equity Scheme - Large Cap Fund,118632,Nippon Large Cap,Open Ended Schemes,29-05-2023,64.53600
Nippon Large Cap,118632,Nippon India Mutual Fund,,INF204K01XI3,Equity Scheme - Large Cap Fund,118632,Nippon Large Cap,Open Ended Schemes,26-05-2023,64.26310
Nippon Large Cap,118632,Nippon India Mutual Fund,,INF204K01XI3,Equity Scheme - Large Cap Fund,118632,Nippon Large Cap,Open Ended Schemes,25-05-2023,63.58850
Nippon Large Cap,118632,Nippon India Mutual Fund,,INF204K01XI3,Equity Scheme - Large Cap Fund,118632,Nippon Large Cap,Open Ended Schemes,24-05-2023,63.38530
Nippon Large Cap,118632,Nippon India Mutual Fund,,INF204K01XI3,Equity Scheme - Large Cap Fund,118632,Nippon Large Cap,Open Ended Schemes,23-05-2023,63.47990
Nippon Large Cap,118632,Nippon India Mutual Fund,,INF204K01XI3,Equity Scheme - Large Cap Fund,118632,Nippon Large Cap,Open Ended Schemes,22-05-2023,63.44050
Nippon Large Cap,118632,Nippon India Mutual Fund,,INF204K01XI3,Equity Scheme - Large Cap Fund,118632,Nippon Large Cap,Open Ended Schemes,19-05-2023,63.41900
Nippon Large Cap,118632,Nippon India Mutual Fund,,INF204K01XI3,Equity Scheme - Large Cap Fund,118632,Nippon Large Cap,Open Ended Schemes,18-05-2023,63.31710
Nippon Large Cap,118632,Nippon India Mutual Fund,,INF204K01XI3,Equity Scheme - Large Cap Fund,118632,Nippon Large Cap,Open Ended Schemes,17-05-2023,63.35430
Nippon Large Cap,118632,Nippon India Mutual Fund,,INF204K01XI3,Equity Scheme - Large Cap Fund,118632,Nippon Large Cap,Open Ended Schemes,16-05-2023,63.52840
Nippon Large Cap,118632,Nippon India Mutual Fund,,INF204K01XI3,Equity Scheme - Large Cap Fund,118632,Nippon Large Cap,Open Ended Schemes,15-05-2023,63.65710
Nippon Large Cap,118632,Nippon India Mutual Fund,,INF204K01XI3,Equity Scheme - Large Cap Fund,118632,Nippon Large Cap,Open Ended Schemes,12-05-2023,63.28100
Nippon Large Cap,118632,Nippon India Mutual Fund,,INF204K01XI3,Equity Scheme - Large Cap Fund,118632,Nippon Large Cap,Open Ended Schemes,11-05-2023,63.22040
Nippon Large Cap,118632,Nippon India Mutual Fund,,INF204K01XI3,Equity Scheme - Large Cap Fund,118632,Nippon Large Cap,Open Ended Schemes,10-05-2023,63.19040
Nippon Large Cap,118632,Nippon India Mutual Fund,,INF204K01XI3,Equity Scheme - Large Cap Fund,118632,Nippon Large Cap,Open Ended Schemes,09-05-2023,62.99790
Nippon Large Cap,118632,Nippon India Mutual Fund,,INF204K01XI3,Equity Scheme - Large Cap Fund,118632,Nippon Large Cap,Open Ended Schemes,08-05-2023,63.04190
Nippon Large Cap,118632,Nippon India Mutual Fund,,INF204K01XI3,Equity Scheme - Large Cap Fund,118632,Nippon Large Cap,Open Ended Schemes,05-05-2023,62.23300
Nippon Large Cap,118632,Nippon India Mutual Fund,,INF204K01XI3,Equity Scheme - Large Cap Fund,118632,Nippon Large Cap,Open Ended Schemes,04-05-2023,62.69080
Nippon Large Cap,118632,Nippon India Mutual Fund,,INF204K01XI3,Equity Scheme - Large Cap Fund,118632,Nippon Large Cap,Open Ended Schemes,03-05-2023,62.16950
Nippon Large Cap,118632,Nippon India Mutual Fund,,INF204K01XI3,Equity Scheme - Large Cap Fund,118632,Nippon Large Cap,Open Ended Schemes,02-05-2023,62.20820
Nippon Large Cap,118632,Nippon India Mutual Fund,,INF204K01XI3,Equity Scheme - Large Cap Fund,118632,Nippon Large Cap,Open Ended Schemes,28-04-2023,61.83780
Nippon Large Cap,118632,Nippon India Mutual Fund,,INF204K01XI3,Equity Scheme - Large Cap Fund,118632,Nippon Large Cap,Open Ended Schemes,27-04-2023,61.20760
Nippon Large Cap,118632,Nippon India Mutual Fund,,INF204K01XI3,Equity Scheme - Large Cap Fund,118632,Nippon Large Cap,Open Ended Schemes,26-04-2023,60.86360
Nippon Large Cap,118632,Nippon India Mutual Fund,,INF204K01XI3,Equity Scheme - Large Cap Fund,118632,Nippon Large Cap,Open Ended Schemes,25-04-2023,60.59320
Nippon Large Cap,118632,Nippon India Mutual Fund,,INF204K01XI3,Equity Scheme - Large Cap Fund,118632,Nippon Large Cap,Open Ended Schemes,24-04-2023,60.45130
Nippon Large Cap,118632,Nippon India Mutual Fund,,INF204K01XI3,Equity Scheme - Large Cap Fund,118632,Nippon Large Cap,Open Ended Schemes,21-04-2023,60.03480
Nippon Large Cap,118632,Nippon India Mutual Fund,,INF204K01XI3,Equity Scheme - Large Cap Fund,118632,Nippon Large Cap,Open Ended Schemes,20-04-2023,60.06650
Nippon Large Cap,118632,Nippon India Mutual Fund,,INF204K01XI3,Equity Scheme - Large Cap Fund,118632,Nippon Large Cap,Open Ended Schemes,19-04-2023,59.98730
Nippon Large Cap,118632,Nippon India Mutual Fund,,INF204K01XI3,Equity Scheme - Large Cap Fund,118632,Nippon Large Cap,Open Ended Schemes,18-04-2023,60.09990
Nippon Large Cap,118632,Nippon India Mutual Fund,,INF204K01XI3,Equity Scheme - Large Cap Fund,118632,Nippon Large Cap,Open Ended Schemes,17-04-2023,60.16190
Nippon Large Cap,118632,Nippon India Mutual Fund,,INF204K01XI3,Equity Scheme - Large Cap Fund,118632,Nippon Large Cap,Open Ended Schemes,13-04-2023,60.36090
Nippon Large Cap,118632,Nippon India Mutual Fund,,INF204K01XI3,Equity Scheme - Large Cap Fund,118632,Nippon Large Cap,Open Ended Schemes,12-04-2023,60.32050
Nippon Large Cap,118632,Nippon India Mutual Fund,,INF204K01XI3,Equity Scheme - Large Cap Fund,118632,Nippon Large Cap,Open Ended Schemes,11-04-2023,60.07530
Nippon Large Cap,118632,Nippon India Mutual Fund,,INF204K01XI3,Equity Scheme - Large Cap Fund,118632,Nippon Large Cap,Open Ended Schemes,10-04-2023,59.90270
Nippon Large Cap,118632,Nippon India Mutual Fund,,INF204K01XI3,Equity Scheme - Large Cap Fund,118632,Nippon Large Cap,Open Ended Schemes,06-04-2023,59.83190
Nippon Large Cap,118632,Nippon India Mutual Fund,,INF204K01XI3,Equity Scheme - Large Cap Fund,118632,Nippon Large Cap,Open Ended Schemes,05-04-2023,59.67060
Nippon Large Cap,118632,Nippon India Mutual Fund,,INF204K01XI3,Equity Scheme - Large Cap Fund,118632,Nippon Large Cap,Open Ended Schemes,03-04-2023,59.19360
Nippon Large Cap,118632,Nippon India Mutual Fund,,INF204K01XI3,Equity Scheme - Large Cap Fund,118632,Nippon Large Cap,Open Ended Schemes,31-03-2023,59.05530
Nippon Large Cap,118632,Nippon India Mutual Fund,,INF204K01XI3,Equity Scheme - Large Cap Fund,118632,Nippon Large Cap,Open Ended Schemes,29-03-2023,58.15410
Nippon Large Cap,118632,Nippon India Mutual Fund,,INF204K01XI3,Equity Scheme - Large Cap Fund,118632,Nippon Large Cap,Open Ended Schemes,28-03-2023,57.62870
Nippon Large Cap,118632,Nippon India Mutual Fund,,INF204K01XI3,Equity Scheme - Large Cap Fund,118632,Nippon Large Cap,Open Ended Schemes,27-03-2023,57.70580
Nippon Large Cap,118632,Nippon India Mutual Fund,,INF204K01XI3,Equity Scheme - Large Cap Fund,118632,Nippon Large Cap,Open Ended Schemes,24-03-2023,57.78850
Nippon Large Cap,118632,Nippon India Mutual Fund,,INF204K01XI3,Equity Scheme - Large Cap Fund,118632,Nippon Large Cap,Open Ended Schemes,23-03-2023,58.29790
Nippon Large Cap,118632,Nippon India Mutual Fund,,INF204K01XI3,Equity Scheme - Large Cap Fund,118632,Nippon Large Cap,Open Ended Schemes,22-03-2023,58.52990
Nippon Large Cap,118632,Nippon India Mutual Fund,,INF204K01XI3,Equity Scheme - Large Cap Fund,118632,Nippon Large Cap,Open Ended Schemes,21-03-2023,58.39860
Nippon Large Cap,118632,Nippon India Mutual Fund,,INF204K01XI3,Equity Scheme - Large Cap Fund,118632,Nippon Large Cap,Open Ended Schemes,20-03-2023,57.91340
Nippon Large Cap,118632,Nippon India Mutual Fund,,INF204K01XI3,Equity Scheme - Large Cap Fund,118632,Nippon Large Cap,Open Ended Schemes,17-03-2023,58.37140
Nippon Large Cap,118632,Nippon India Mutual Fund,,INF204K01XI3,Equity Scheme - Large Cap Fund,118632,Nippon Large Cap,Open Ended Schemes,16-03-2023,58.00080
Nippon Large Cap,118632,Nippon India Mutual Fund,,INF204K01XI3,Equity Scheme - Large Cap Fund,118632,Nippon Large Cap,Open Ended Schemes,15-03-2023,57.90360
Nippon Large Cap,118632,Nippon India Mutual Fund,,INF204K01XI3,Equity Scheme - Large Cap Fund,118632,Nippon Large Cap,Open Ended Schemes,14-03-2023,58.15640
Nippon Large Cap,118632,Nippon India Mutual Fund,,INF204K01XI3,Equity Scheme - Large Cap Fund,118632,Nippon Large Cap,Open Ended Schemes,13-03-2023,58.40310
Nippon Large Cap,118632,Nippon India Mutual Fund,,INF204K01XI3,Equity Scheme - Large Cap Fund,118632,Nippon Large Cap,Open Ended Schemes,10-03-2023,59.34200
Nippon Large Cap,118632,Nippon India Mutual Fund,,INF204K01XI3,Equity Scheme - Large Cap Fund,118632,Nippon Large Cap,Open Ended Schemes,09-03-2023,59.88040
Nippon Large Cap,118632,Nippon India Mutual Fund,,INF204K01XI3,Equity Scheme - Large Cap Fund,118632,Nippon Large Cap,Open Ended Schemes,08-03-2023,60.26200
Nippon Large Cap,118632,Nippon India Mutual Fund,,INF204K01XI3,Equity Scheme - Large Cap Fund,118632,Nippon Large Cap,Open Ended Schemes,06-03-2023,59.95730
Nippon Large Cap,118632,Nippon India Mutual Fund,,INF204K01XI3,Equity Scheme - Large Cap Fund,118632,Nippon Large Cap,Open Ended Schemes,03-03-2023,59.61320
Nippon Large Cap,118632,Nippon India Mutual Fund,,INF204K01XI3,Equity Scheme - Large Cap Fund,118632,Nippon Large Cap,Open Ended Schemes,02-03-2023,58.80320
Nippon Large Cap,118632,Nippon India Mutual Fund,,INF204K01XI3,Equity Scheme - Large Cap Fund,118632,Nippon Large Cap,Open Ended Schemes,01-03-2023,59.13520
Nippon Large Cap,118632,Nippon India Mutual Fund,,INF204K01XI3,Equity Scheme - Large Cap Fund,118632,Nippon Large Cap,Open Ended Schemes,28-02-2023,58.63030
Nippon Large Cap,118632,Nippon India Mutual Fund,,INF204K01XI3,Equity Scheme - Large Cap Fund,118632,Nippon Large Cap,Open Ended Schemes,27-02-2023,58.82670
Nippon Large Cap,118632,Nippon India Mutual Fund,,INF204K01XI3,Equity Scheme - Large Cap Fund,118632,Nippon Large Cap,Open Ended Schemes,24-02-2023,59.11050
Nippon Large Cap,118632,Nippon India Mutual Fund,,INF204K01XI3,Equity Scheme - Large Cap Fund,118632,Nippon Large Cap,Open Ended Schemes,23-02-2023,59.30360
Nippon Large Cap,118632,Nippon India Mutual Fund,,INF204K01XI3,Equity Scheme - Large Cap Fund,118632,Nippon Large Cap,Open Ended Schemes,22-02-2023,59.26410
Nippon Large Cap,118632,Nippon India Mutual Fund,,INF204K01XI3,Equity Scheme - Large Cap Fund,118632,Nippon Large Cap,Open Ended Schemes,21-02-2023,60.13180
Nippon Large Cap,118632,Nippon India Mutual Fund,,INF204K01XI3,Equity Scheme - Large Cap Fund,118632,Nippon Large Cap,Open Ended Schemes,20-02-2023,60.15570
Nippon Large Cap,118632,Nippon India Mutual Fund,,INF204K01XI3,Equity Scheme - Large Cap Fund,118632,Nippon Large Cap,Open Ended Schemes,17-02-2023,60.36540
Nippon Large Cap,118632,Nippon India Mutual Fund,,INF204K01XI3,Equity Scheme - Large Cap Fund,118632,Nippon Large Cap,Open Ended Schemes,16-02-2023,60.60470
Nippon Large Cap,118632,Nippon India Mutual Fund,,INF204K01XI3,Equity Scheme - Large Cap Fund,118632,Nippon Large Cap,Open Ended Schemes,15-02-2023,60.56210
Nippon Large Cap,118632,Nippon India Mutual Fund,,INF204K01XI3,Equity Scheme - Large Cap Fund,118632,Nippon Large Cap,Open Ended Schemes,14-02-2023,60.30020
Nippon Large Cap,118632,Nippon India Mutual Fund,,INF204K01XI3,Equity Scheme - Large Cap Fund,118632,Nippon Large Cap,Open Ended Schemes,13-02-2023,59.94030
Nippon Large Cap,118632,Nippon India Mutual Fund,,INF204K01XI3,Equity Scheme - Large Cap Fund,118632,Nippon Large Cap,Open Ended Schemes,10-02-2023,60.22590
Nippon Large Cap,118632,Nippon India Mutual Fund,,INF204K01XI3,Equity Scheme - Large Cap Fund,118632,Nippon Large Cap,Open Ended Schemes,09-02-2023,60.27390
Nippon Large Cap,118632,Nippon India Mutual Fund,,INF204K01XI3,Equity Scheme - Large Cap Fund,118632,Nippon Large Cap,Open Ended Schemes,08-02-2023,60.18860
Nippon Large Cap,118632,Nippon India Mutual Fund,,INF204K01XI3,Equity Scheme - Large Cap Fund,118632,Nippon Large Cap,Open Ended Schemes,07-02-2023,59.78850
Nippon Large Cap,118632,Nippon India Mutual Fund,,INF204K01XI3,Equity Scheme - Large Cap Fund,118632,Nippon Large Cap,Open Ended Schemes,06-02-2023,59.97180
Nippon Large Cap,118632,Nippon India Mutual Fund,,INF204K01XI3,Equity Scheme - Large Cap Fund,118632,Nippon Large Cap,Open Ended Schemes,03-02-2023,60.07870
Nippon Large Cap,118632,Nippon India Mutual Fund,,INF204K01XI3,Equity Scheme - Large Cap Fund,118632,Nippon Large Cap,Open Ended Schemes,02-02-2023,59.45910
Nippon Large Cap,118632,Nippon India Mutual Fund,,INF204K01XI3,Equity Scheme - Large Cap Fund,118632,Nippon Large Cap,Open Ended Schemes,01-02-2023,59.41790
Nippon Large Cap,118632,Nippon India Mutual Fund,,INF204K01XI3,Equity Scheme - Large Cap Fund,118632,Nippon Large Cap,Open Ended Schemes,31-01-2023,59.33000
Nippon Large Cap,118632,Nippon India Mutual Fund,,INF204K01XI3,Equity Scheme - Large Cap Fund,118632,Nippon Large Cap,Open Ended Schemes,30-01-2023,58.95420
Nippon Large Cap,118632,Nippon India Mutual Fund,,INF204K01XI3,Equity Scheme - Large Cap Fund,118632,Nippon Large Cap,Open Ended Schemes,27-01-2023,58.87040
Nippon Large Cap,118632,Nippon India Mutual Fund,,INF204K01XI3,Equity Scheme - Large Cap Fund,118632,Nippon Large Cap,Open Ended Schemes,25-01-2023,59.70490
Nippon Large Cap,118632,Nippon India Mutual Fund,,INF204K01XI3,Equity Scheme - Large Cap Fund,118632,Nippon Large Cap,Open Ended Schemes,24-01-2023,60.64720
Nippon Large Cap,118632,Nippon India Mutual Fund,,INF204K01XI3,Equity Scheme - Large Cap Fund,118632,Nippon Large Cap,Open Ended Schemes,23-01-2023,60.68050
Nippon Large Cap,118632,Nippon India Mutual Fund,,INF204K01XI3,Equity Scheme - Large Cap Fund,118632,Nippon Large Cap,Open Ended Schemes,20-01-2023,60.37140
Nippon Large Cap,118632,Nippon India Mutual Fund,,INF204K01XI3,Equity Scheme - Large Cap Fund,118632,Nippon Large Cap,Open Ended Schemes,19-01-2023,60.54590
Nippon Large Cap,118632,Nippon India Mutual Fund,,INF204K01XI3,Equity Scheme - Large Cap Fund,118632,Nippon Large Cap,Open Ended Schemes,18-01-2023,60.58310
Nippon Large Cap,118632,Nippon India Mutual Fund,,INF204K01XI3,Equity Scheme - Large Cap Fund,118632,Nippon Large Cap,Open Ended Schemes,17-01-2023,60.21450
Nippon Large Cap,118632,Nippon India Mutual Fund,,INF204K01XI3,Equity Scheme - Large Cap Fund,118632,Nippon Large Cap,Open Ended Schemes,16-01-2023,59.86480
Nippon Large Cap,118632,Nippon India Mutual Fund,,INF204K01XI3,Equity Scheme - Large Cap Fund,118632,Nippon Large Cap,Open Ended Schemes,13-01-2023,60.09270
Nippon Large Cap,118632,Nippon India Mutual Fund,,INF204K01XI3,Equity Scheme - Large Cap Fund,118632,Nippon Large Cap,Open Ended Schemes,12-01-2023,59.90490
Nippon Large Cap,118632,Nippon India Mutual Fund,,INF204K01XI3,Equity Scheme - Large Cap Fund,118632,Nippon Large Cap,Open Ended Schemes,11-01-2023,59.97850
Nippon Large Cap,118632,Nippon India Mutual Fund,,INF204K01XI3,Equity Scheme - Large Cap Fund,118632,Nippon Large Cap,Open Ended Schemes,10-01-2023,59.92860
Nippon Large Cap,118632,Nippon India Mutual Fund,,INF204K01XI3,Equity Scheme - Large Cap Fund,118632,Nippon Large Cap,Open Ended Schemes,09-01-2023,60.35550
Nippon Large Cap,118632,Nippon India Mutual Fund,,INF204K01XI3,Equity Scheme - Large Cap Fund,118632,Nippon Large Cap,Open Ended Schemes,06-01-2023,59.62990
Nippon Large Cap,118632,Nippon India Mutual Fund,,INF204K01XI3,Equity Scheme - Large Cap Fund,118632,Nippon Large Cap,Open Ended Schemes,05-01-2023,59.90270
Nippon Large Cap,118632,Nippon India Mutual Fund,,INF204K01XI3,Equity Scheme - Large Cap Fund,118632,Nippon Large Cap,Open Ended Schemes,04-01-2023,59.94200
Nippon Large Cap,118632,Nippon India Mutual Fund,,INF204K01XI3,Equity Scheme - Large Cap Fund,118632,Nippon Large Cap,Open Ended Schemes,03-01-2023,60.63080
Nippon Large Cap,118632,Nippon India Mutual Fund,,INF204K01XI3,Equity Scheme - Large Cap Fund,118632,Nippon Large Cap,Open Ended Schemes,02-01-2023,60.53290
Nippon Large Cap,118632,Nippon India Mutual Fund,,INF204K01XI3,Equity Scheme - Large Cap Fund,118632,Nippon Large Cap,Open Ended Schemes,30-12-2022,60.20660
Nippon Large Cap,118632,Nippon India Mutual Fund,,INF204K01XI3,Equity Scheme - Large Cap Fund,118632,Nippon Large Cap,Open Ended Schemes,29-12-2022,60.34230
Nippon Large Cap,118632,Nippon India Mutual Fund,,INF204K01XI3,Equity Scheme - Large Cap Fund,118632,Nippon Large Cap,Open Ended Schemes,28-12-2022,60.24110
Nippon Large Cap,118632,Nippon India Mutual Fund,,INF204K01XI3,Equity Scheme - Large Cap Fund,118632,Nippon Large Cap,Open Ended Schemes,27-12-2022,60.15910
Nippon Large Cap,118632,Nippon India Mutual Fund,,INF204K01XI3,Equity Scheme - Large Cap Fund,118632,Nippon Large Cap,Open Ended Schemes,26-12-2022,59.73940
Nippon Large Cap,118632,Nippon India Mutual Fund,,INF204K01XI3,Equity Scheme - Large Cap Fund,118632,Nippon Large Cap,Open Ended Schemes,23-12-2022,58.70860
Nippon Large Cap,118632,Nippon India Mutual Fund,,INF204K01XI3,Equity Scheme - Large Cap Fund,118632,Nippon Large Cap,Open Ended Schemes,22-12-2022,59.94580
Nippon Large Cap,118632,Nippon India Mutual Fund,,INF204K01XI3,Equity Scheme - Large Cap Fund,118632,Nippon Large Cap,Open Ended Schemes,21-12-2022,60.37150
Nippon Large Cap,118632,Nippon India Mutual Fund,,INF204K01XI3,Equity Scheme - Large Cap Fund,118632,Nippon Large Cap,Open Ended Schemes,20-12-2022,61.17080
Nippon Large Cap,118632,Nippon India Mutual Fund,,INF204K01XI3,Equity Scheme - Large Cap Fund,118632,Nippon Large Cap,Open Ended Schemes,19-12-2022,61.38390
Nippon Large Cap,118632,Nippon India Mutual Fund,,INF204K01XI3,Equity Scheme - Large Cap Fund,118632,Nippon Large Cap,Open Ended Schemes,16-12-2022,60.97430
Nippon Large Cap,118632,Nippon India Mutual Fund,,INF204K01XI3,Equity Scheme - Large Cap Fund,118632,Nippon Large Cap,Open Ended Schemes,15-12-2022,61.53090
Nippon Large Cap,118632,Nippon India Mutual Fund,,INF204K01XI3,Equity Scheme - Large Cap Fund,118632,Nippon Large Cap,Open Ended Schemes,14-12-2022,62.21390
Nippon Large Cap,118632,Nippon India Mutual Fund,,INF204K01XI3,Equity Scheme - Large Cap Fund,118632,Nippon Large Cap,Open Ended Schemes,13-12-2022,61.95660
Nippon Large Cap,118632,Nippon India Mutual Fund,,INF204K01XI3,Equity Scheme - Large Cap Fund,118632,Nippon Large Cap,Open Ended Schemes,12-12-2022,61.76560
Nippon Large Cap,118632,Nippon India Mutual Fund,,INF204K01XI3,Equity Scheme - Large Cap Fund,118632,Nippon Large Cap,Open Ended Schemes,09-12-2022,61.59930
Nippon Large Cap,118632,Nippon India Mutual Fund,,INF204K01XI3,Equity Scheme - Large Cap Fund,118632,Nippon Large Cap,Open Ended Schemes,08-12-2022,61.96500
Nippon Large Cap,118632,Nippon India Mutual Fund,,INF204K01XI3,Equity Scheme - Large Cap Fund,118632,Nippon Large Cap,Open Ended Schemes,07-12-2022,61.64930
Nippon Large Cap,118632,Nippon India Mutual Fund,,INF204K01XI3,Equity Scheme - Large Cap Fund,118632,Nippon Large Cap,Open Ended Schemes,06-12-2022,61.73690
Nippon Large Cap,118632,Nippon India Mutual Fund,,INF204K01XI3,Equity Scheme - Large Cap Fund,118632,Nippon Large Cap,Open Ended Schemes,05-12-2022,61.94120
Nippon Large Cap,118632,Nippon India Mutual Fund,,INF204K01XI3,Equity Scheme - Large Cap Fund,118632,Nippon Large Cap,Open Ended Schemes,02-12-2022,61.95670
Nippon Large Cap,118632,Nippon India Mutual Fund,,INF204K01XI3,Equity Scheme - Large Cap Fund,118632,Nippon Large Cap,Open Ended Schemes,01-12-2022,62.19390
Nippon Large Cap,118632,Nippon India Mutual Fund,,INF204K01XI3,Equity Scheme - Large Cap Fund,118632,Nippon Large Cap,Open Ended Schemes,30-11-2022,62.00740
Nippon Large Cap,118632,Nippon India Mutual Fund,,INF204K01XI3,Equity Scheme - Large Cap Fund,118632,Nippon Large Cap,Open Ended Schemes,29-11-2022,61.54720
Nippon Large Cap,118632,Nippon India Mutual Fund,,INF204K01XI3,Equity Scheme - Large Cap Fund,118632,Nippon Large Cap,Open Ended Schemes,28-11-2022,61.47370
Nippon Large Cap,118632,Nippon India Mutual Fund,,INF204K01XI3,Equity Scheme - Large Cap Fund,118632,Nippon Large Cap,Open Ended Schemes,25-11-2022,61.36140
Nippon Large Cap,118632,Nippon India Mutual Fund,,INF204K01XI3,Equity Scheme - Large Cap Fund,118632,Nippon Large Cap,Open Ended Schemes,24-11-2022,61.09130
Nippon Large Cap,118632,Nippon India Mutual Fund,,INF204K01XI3,Equity Scheme - Large Cap Fund,118632,Nippon Large Cap,Open Ended Schemes,23-11-2022,60.39640
Nippon Large Cap,118632,Nippon India Mutual Fund,,INF204K01XI3,Equity Scheme - Large Cap Fund,118632,Nippon Large Cap,Open Ended Schemes,22-11-2022,60.29460
Nippon Large Cap,118632,Nippon India Mutual Fund,,INF204K01XI3,Equity Scheme - Large Cap Fund,118632,Nippon Large Cap,Open Ended Schemes,21-11-2022,60.00890
Nippon Large Cap,118632,Nippon India Mutual Fund,,INF204K01XI3,Equity Scheme - Large Cap Fund,118632,Nippon Large Cap,Open Ended Schemes,18-11-2022,60.40630
Nippon Large Cap,118632,Nippon India Mutual Fund,,INF204K01XI3,Equity Scheme - Large Cap Fund,118632,Nippon Large Cap,Open Ended Schemes,17-11-2022,60.69650
Nippon Large Cap,118632,Nippon India Mutual Fund,,INF204K01XI3,Equity Scheme - Large Cap Fund,118632,Nippon Large Cap,Open Ended Schemes,16-11-2022,60.90490
Nippon Large Cap,118632,Nippon India Mutual Fund,,INF204K01XI3,Equity Scheme - Large Cap Fund,118632,Nippon Large Cap,Open Ended Schemes,15-11-2022,60.99130
Nippon Large Cap,118632,Nippon India Mutual Fund,,INF204K01XI3,Equity Scheme - Large Cap Fund,118632,Nippon Large Cap,Open Ended Schemes,14-11-2022,60.81770
Nippon Large Cap,118632,Nippon India Mutual Fund,,INF204K01XI3,Equity Scheme - Large Cap Fund,118632,Nippon Large Cap,Open Ended Schemes,11-11-2022,61.03100
Nippon Large Cap,118632,Nippon India Mutual Fund,,INF204K01XI3,Equity Scheme - Large Cap Fund,118632,Nippon Large Cap,Open Ended Schemes,10-11-2022,60.16950
Nippon Large Cap,118632,Nippon India Mutual Fund,,INF204K01XI3,Equity Scheme - Large Cap Fund,118632,Nippon Large Cap,Open Ended Schemes,09-11-2022,60.65810
Nippon Large Cap,118632,Nippon India Mutual Fund,,INF204K01XI3,Equity Scheme - Large Cap Fund,118632,Nippon Large Cap,Open Ended Schemes,07-11-2022,60.77990
Nippon Large Cap,118632,Nippon India Mutual Fund,,INF204K01XI3,Equity Scheme - Large Cap Fund,118632,Nippon Large Cap,Open Ended Schemes,04-11-2022,60.35650
Nippon Large Cap,118632,Nippon India Mutual Fund,,INF204K01XI3,Equity Scheme - Large Cap Fund,118632,Nippon Large Cap,Open Ended Schemes,03-11-2022,60.34160
Nippon Large Cap,118632,Nippon India Mutual Fund,,INF204K01XI3,Equity Scheme - Large Cap Fund,118632,Nippon Large Cap,Open Ended Schemes,02-11-2022,60.46810
Nippon Large Cap,118632,Nippon India Mutual Fund,,INF204K01XI3,Equity Scheme - Large Cap Fund,118632,Nippon Large Cap,Open Ended Schemes,01-11-2022,60.48320
Nippon Large Cap,118632,Nippon India Mutual Fund,,INF204K01XI3,Equity Scheme - Large Cap Fund,118632,Nippon Large Cap,Open Ended Schemes,31-10-2022,60.09290
Nippon Large Cap,118632,Nippon India Mutual Fund,,INF204K01XI3,Equity Scheme - Large Cap Fund,118632,Nippon Large Cap,Open Ended Schemes,28-10-2022,59.33510
Nippon Large Cap,118632,Nippon India Mutual Fund,,INF204K01XI3,Equity Scheme - Large Cap Fund,118632,Nippon Large Cap,Open Ended Schemes,27-10-2022,59.47580
Nippon Large Cap,118632,Nippon India Mutual Fund,,INF204K01XI3,Equity Scheme - Large Cap Fund,118632,Nippon Large Cap,Open Ended Schemes,25-10-2022,59.19570
Nippon Large Cap,118632,Nippon India Mutual Fund,,INF204K01XI3,Equity Scheme - Large Cap Fund,118632,Nippon Large Cap,Open Ended Schemes,21-10-2022,58.77790
Nippon Large Cap,118632,Nippon India Mutual Fund,,INF204K01XI3,Equity Scheme - Large Cap Fund,118632,Nippon Large Cap,Open Ended Schemes,20-10-2022,58.91490
Nippon Large Cap,118632,Nippon India Mutual Fund,,INF204K01XI3,Equity Scheme - Large Cap Fund,118632,Nippon Large Cap,Open Ended Schemes,19-10-2022,58.88040
Nippon Large Cap,118632,Nippon India Mutual Fund,,INF204K01XI3,Equity Scheme - Large Cap Fund,118632,Nippon Large Cap,Open Ended Schemes,18-10-2022,58.79430
Nippon Large Cap,118632,Nippon India Mutual Fund,,INF204K01XI3,Equity Scheme - Large Cap Fund,118632,Nippon Large Cap,Open Ended Schemes,17-10-2022,58.07790
Nippon Large Cap,118632,Nippon India Mutual Fund,,INF204K01XI3,Equity Scheme - Large Cap Fund,118632,Nippon Large Cap,Open Ended Schemes,14-10-2022,57.69030
Nippon Large Cap,118632,Nippon India Mutual Fund,,INF204K01XI3,Equity Scheme - Large Cap Fund,118632,Nippon Large Cap,Open Ended Schemes,13-10-2022,57.30170
Nippon Large Cap,118632,Nippon India Mutual Fund,,INF204K01XI3,Equity Scheme - Large Cap Fund,118632,Nippon Large Cap,Open Ended Schemes,12-10-2022,57.76000
Nippon Large Cap,118632,Nippon India Mutual Fund,,INF204K01XI3,Equity Scheme - Large Cap Fund,118632,Nippon Large Cap,Open Ended Schemes,11-10-2022,57.24070
Nippon Large Cap,118632,Nippon India Mutual Fund,,INF204K01XI3,Equity Scheme - Large Cap Fund,118632,Nippon Large Cap,Open Ended Schemes,10-10-2022,58.01590
Nippon Large Cap,118632,Nippon India Mutual Fund,,INF204K01XI3,Equity Scheme - Large Cap Fund,118632,Nippon Large Cap,Open Ended Schemes,07-10-2022,58.37470
Nippon Large Cap,118632,Nippon India Mutual Fund,,INF204K01XI3,Equity Scheme - Large Cap Fund,118632,Nippon Large Cap,Open Ended Schemes,06-10-2022,58.40780
Nippon Large Cap,118632,Nippon India Mutual Fund,,INF204K01XI3,Equity Scheme - Large Cap Fund,118632,Nippon Large Cap,Open Ended Schemes,04-10-2022,58.07730
Nippon Large Cap,118632,Nippon India Mutual Fund,,INF204K01XI3,Equity Scheme - Large Cap Fund,118632,Nippon Large Cap,Open Ended Schemes,03-10-2022,56.80060
Nippon Large Cap,118632,Nippon India Mutual Fund,,INF204K01XI3,Equity Scheme - Large Cap Fund,118632,Nippon Large Cap,Open Ended Schemes,30-09-2022,57.29550
Nippon Large Cap,118632,Nippon India Mutual Fund,,INF204K01XI3,Equity Scheme - Large Cap Fund,118632,Nippon Large Cap,Open Ended Schemes,29-09-2022,56.36870
Nippon Large Cap,118632,Nippon India Mutual Fund,,INF204K01XI3,Equity Scheme - Large Cap Fund,118632,Nippon Large Cap,Open Ended Schemes,28-09-2022,56.30030
Nippon Large Cap,118632,Nippon India Mutual Fund,,INF204K01XI3,Equity Scheme - Large Cap Fund,118632,Nippon Large Cap,Open Ended Schemes,27-09-2022,56.86730
Nippon Large Cap,118632,Nippon India Mutual Fund,,INF204K01XI3,Equity Scheme - Large Cap Fund,118632,Nippon Large Cap,Open Ended Schemes,26-09-2022,56.79170
Nippon Large Cap,118632,Nippon India Mutual Fund,,INF204K01XI3,Equity Scheme - Large Cap Fund,118632,Nippon Large Cap,Open Ended Schemes,23-09-2022,58.04240
Nippon Large Cap,118632,Nippon India Mutual Fund,,INF204K01XI3,Equity Scheme - Large Cap Fund,118632,Nippon Large Cap,Open Ended Schemes,22-09-2022,59.08470
Nippon Large Cap,118632,Nippon India Mutual Fund,,INF204K01XI3,Equity Scheme - Large Cap Fund,118632,Nippon Large Cap,Open Ended Schemes,21-09-2022,59.30530
Nippon Large Cap,118632,Nippon India Mutual Fund,,INF204K01XI3,Equity Scheme - Large Cap Fund,118632,Nippon Large Cap,Open Ended Schemes,20-09-2022,59.49540
Nippon Large Cap,118632,Nippon India Mutual Fund,,INF204K01XI3,Equity Scheme - Large Cap Fund,118632,Nippon Large Cap,Open Ended Schemes,19-09-2022,58.84680
Nippon Large Cap,118632,Nippon India Mutual Fund,,INF204K01XI3,Equity Scheme - Large Cap Fund,118632,Nippon Large Cap,Open Ended Schemes,16-09-2022,58.54080
Nippon Large Cap,118632,Nippon India Mutual Fund,,INF204K01XI3,Equity Scheme - Large Cap Fund,118632,Nippon Large Cap,Open Ended Schemes,15-09-2022,59.82140
Nippon Large Cap,118632,Nippon India Mutual Fund,,INF204K01XI3,Equity Scheme - Large Cap Fund,118632,Nippon Large Cap,Open Ended Schemes,14-09-2022,59.96780
Nippon Large Cap,118632,Nippon India Mutual Fund,,INF204K01XI3,Equity Scheme - Large Cap Fund,118632,Nippon Large Cap,Open Ended Schemes,13-09-2022,60.01680
Nippon Large Cap,118632,Nippon India Mutual Fund,,INF204K01XI3,Equity Scheme - Large Cap Fund,118632,Nippon Large Cap,Open Ended Schemes,12-09-2022,59.52750
Nippon Large Cap,118632,Nippon India Mutual Fund,,INF204K01XI3,Equity Scheme - Large Cap Fund,118632,Nippon Large Cap,Open Ended Schemes,09-09-2022,59.22610
Nippon Large Cap,118632,Nippon India Mutual Fund,,INF204K01XI3,Equity Scheme - Large Cap Fund,118632,Nippon Large Cap,Open Ended Schemes,08-09-2022,59.14300
Nippon Large Cap,118632,Nippon India Mutual Fund,,INF204K01XI3,Equity Scheme - Large Cap Fund,118632,Nippon Large Cap,Open Ended Schemes,07-09-2022,58.71600
Nippon Large Cap,118632,Nippon India Mutual Fund,,INF204K01XI3,Equity Scheme - Large Cap Fund,118632,Nippon Large Cap,Open Ended Schemes,06-09-2022,58.70720
Nippon Large Cap,118632,Nippon India Mutual Fund,,INF204K01XI3,Equity Scheme - Large Cap Fund,118632,Nippon Large Cap,Open Ended Schemes,05-09-2022,58.82580
Nippon Large Cap,118632,Nippon India Mutual Fund,,INF204K01XI3,Equity Scheme - Large Cap Fund,118632,Nippon Large Cap,Open Ended Schemes,02-09-2022,58.34720
Nippon Large Cap,118632,Nippon India Mutual Fund,,INF204K01XI3,Equity Scheme - Large Cap Fund,118632,Nippon Large Cap,Open Ended Schemes,01-09-2022,58.11660
Nippon Large Cap,118632,Nippon India Mutual Fund,,INF204K01XI3,Equity Scheme - Large Cap Fund,118632,Nippon Large Cap,Open Ended Schemes,30-08-2022,58.38730
Nippon Large Cap,118632,Nippon India Mutual Fund,,INF204K01XI3,Equity Scheme - Large Cap Fund,118632,Nippon Large Cap,Open Ended Schemes,29-08-2022,57.02990
Nippon Large Cap,118632,Nippon India Mutual Fund,,INF204K01XI3,Equity Scheme - Large Cap Fund,118632,Nippon Large Cap,Open Ended Schemes,26-08-2022,57.83500
Nippon Large Cap,118632,Nippon India Mutual Fund,,INF204K01XI3,Equity Scheme - Large Cap Fund,118632,Nippon Large Cap,Open Ended Schemes,25-08-2022,57.67110
Nippon Large Cap,118632,Nippon India Mutual Fund,,INF204K01XI3,Equity Scheme - Large Cap Fund,118632,Nippon Large Cap,Open Ended Schemes,24-08-2022,57.87010
Nippon Large Cap,118632,Nippon India Mutual Fund,,INF204K01XI3,Equity Scheme - Large Cap Fund,118632,Nippon Large Cap,Open Ended Schemes,23-08-2022,57.67260
Nippon Large Cap,118632,Nippon India Mutual Fund,,INF204K01XI3,Equity Scheme - Large Cap Fund,118632,Nippon Large Cap,Open Ended Schemes,22-08-2022,57.30500
Nippon Large Cap,118632,Nippon India Mutual Fund,,INF204K01XI3,Equity Scheme - Large Cap Fund,118632,Nippon Large Cap,Open Ended Schemes,19-08-2022,58.11300
Nippon Large Cap,118632,Nippon India Mutual Fund,,INF204K01XI3,Equity Scheme - Large Cap Fund,118632,Nippon Large Cap,Open Ended Schemes,18-08-2022,58.86930
Nippon Large Cap,118632,Nippon India Mutual Fund,,INF204K01XI3,Equity Scheme - Large Cap Fund,118632,Nippon Large Cap,Open Ended Schemes,17-08-2022,58.83830
Nippon Large Cap,118632,Nippon India Mutual Fund,,INF204K01XI3,Equity Scheme - Large Cap Fund,118632,Nippon Large Cap,Open Ended Schemes,16-08-2022,58.45530
Nippon Large Cap,118632,Nippon India Mutual Fund,,INF204K01XI3,Equity Scheme - Large Cap Fund,118632,Nippon Large Cap,Open Ended Schemes,12-08-2022,57.88350
Nippon Large Cap,118632,Nippon India Mutual Fund,,INF204K01XI3,Equity Scheme - Large Cap Fund,118632,Nippon Large Cap,Open Ended Schemes,11-08-2022,57.75470
Nippon Large Cap,118632,Nippon India Mutual Fund,,INF204K01XI3,Equity Scheme - Large Cap Fund,118632,Nippon Large Cap,Open Ended Schemes,10-08-2022,57.14100
Nippon Large Cap,118632,Nippon India Mutual Fund,,INF204K01XI3,Equity Scheme - Large Cap Fund,118632,Nippon Large Cap,Open Ended Schemes,08-08-2022,57.11910
Nippon Large Cap,118632,Nippon India Mutual Fund,,INF204K01XI3,Equity Scheme - Large Cap Fund,118632,Nippon Large Cap,Open Ended Schemes,05-08-2022,56.69690
Nippon Large Cap,118632,Nippon India Mutual Fund,,INF204K01XI3,Equity Scheme - Large Cap Fund,118632,Nippon Large Cap,Open Ended Schemes,04-08-2022,56.67340
Nippon Large Cap,118632,Nippon India Mutual Fund,,INF204K01XI3,Equity Scheme - Large Cap Fund,118632,Nippon Large Cap,Open Ended Schemes,03-08-2022,56.74170
Nippon Large Cap,118632,Nippon India Mutual Fund,,INF204K01XI3,Equity Scheme - Large Cap Fund,118632,Nippon Large Cap,Open Ended Schemes,02-08-2022,56.74890
Nippon Large Cap,118632,Nippon India Mutual Fund,,INF204K01XI3,Equity Scheme - Large Cap Fund,118632,Nippon Large Cap,Open Ended Schemes,01-08-2022,56.69400
Nippon Large Cap,118632,Nippon India Mutual Fund,,INF204K01XI3,Equity Scheme - Large Cap Fund,118632,Nippon Large Cap,Open Ended Schemes,29-07-2022,56.06890
Nippon Large Cap,118632,Nippon India Mutual Fund,,INF204K01XI3,Equity Scheme - Large Cap Fund,118632,Nippon Large Cap,Open Ended Schemes,28-07-2022,55.54480
Nippon Large Cap,118632,Nippon India Mutual Fund,,INF204K01XI3,Equity Scheme - Large Cap Fund,118632,Nippon Large Cap,Open Ended Schemes,27-07-2022,54.72230
Nippon Large Cap,118632,Nippon India Mutual Fund,,INF204K01XI3,Equity Scheme - Large Cap Fund,118632,Nippon Large Cap,Open Ended Schemes,26-07-2022,54.17380
Nippon Large Cap,118632,Nippon India Mutual Fund,,INF204K01XI3,Equity Scheme - Large Cap Fund,118632,Nippon Large Cap,Open Ended Schemes,25-07-2022,54.65530
Nippon Large Cap,118632,Nippon India Mutual Fund,,INF204K01XI3,Equity Scheme - Large Cap Fund,118632,Nippon Large Cap,Open Ended Schemes,22-07-2022,54.70100
Nippon Large Cap,118632,Nippon India Mutual Fund,,INF204K01XI3,Equity Scheme - Large Cap Fund,118632,Nippon Large Cap,Open Ended Schemes,21-07-2022,54.43280
Nippon Large Cap,118632,Nippon India Mutual Fund,,INF204K01XI3,Equity Scheme - Large Cap Fund,118632,Nippon Large Cap,Open Ended Schemes,20-07-2022,53.95250
Nippon Large Cap,118632,Nippon India Mutual Fund,,INF204K01XI3,Equity Scheme - Large Cap Fund,118632,Nippon Large Cap,Open Ended Schemes,19-07-2022,53.38690
Nippon Large Cap,118632,Nippon India Mutual Fund,,INF204K01XI3,Equity Scheme - Large Cap Fund,118632,Nippon Large Cap,Open Ended Schemes,18-07-2022,53.16270
Nippon Large Cap,118632,Nippon India Mutual Fund,,INF204K01XI3,Equity Scheme - Large Cap Fund,118632,Nippon Large Cap,Open Ended Schemes,15-07-2022,52.45600
Nippon Large Cap,118632,Nippon India Mutual Fund,,INF204K01XI3,Equity Scheme - Large Cap Fund,118632,Nippon Large Cap,Open Ended Schemes,14-07-2022,52.15860
Nippon Large Cap,118632,Nippon India Mutual Fund,,INF204K01XI3,Equity Scheme - Large Cap Fund,118632,Nippon Large Cap,Open Ended Schemes,13-07-2022,52.38340
Nippon Large Cap,118632,Nippon India Mutual Fund,,INF204K01XI3,Equity Scheme - Large Cap Fund,118632,Nippon Large Cap,Open Ended Schemes,12-07-2022,52.59950
Nippon Large Cap,118632,Nippon India Mutual Fund,,INF204K01XI3,Equity Scheme - Large Cap Fund,118632,Nippon Large Cap,Open Ended Schemes,11-07-2022,53.10470
Nippon Large Cap,118632,Nippon India Mutual Fund,,INF204K01XI3,Equity Scheme - Large Cap Fund,118632,Nippon Large Cap,Open Ended Schemes,08-07-2022,53.08550
Nippon Large Cap,118632,Nippon India Mutual Fund,,INF204K01XI3,Equity Scheme - Large Cap Fund,118632,Nippon Large Cap,Open Ended Schemes,07-07-2022,52.81200
Nippon Large Cap,118632,Nippon India Mutual Fund,,INF204K01XI3,Equity Scheme - Large Cap Fund,118632,Nippon Large Cap,Open Ended Schemes,06-07-2022,52.18070
Nippon Large Cap,118632,Nippon India Mutual Fund,,INF204K01XI3,Equity Scheme - Large Cap Fund,118632,Nippon Large Cap,Open Ended Schemes,05-07-2022,51.55800
Nippon Large Cap,118632,Nippon India Mutual Fund,,INF204K01XI3,Equity Scheme - Large Cap Fund,118632,Nippon Large Cap,Open Ended Schemes,04-07-2022,51.58910
Nippon Large Cap,118632,Nippon India Mutual Fund,,INF204K01XI3,Equity Scheme - Large Cap Fund,118632,Nippon Large Cap,Open Ended Schemes,01-07-2022,51.06200
Nippon Large Cap,118632,Nippon India Mutual Fund,,INF204K01XI3,Equity Scheme - Large Cap Fund,118632,Nippon Large Cap,Open Ended Schemes,30-06-2022,50.81610
Nippon Large Cap,118632,Nippon India Mutual Fund,,INF204K01XI3,Equity Scheme - Large Cap Fund,118632,Nippon Large Cap,Open Ended Schemes,29-06-2022,50.96960
Nippon Large Cap,118632,Nippon India Mutual Fund,,INF204K01XI3,Equity Scheme - Large Cap Fund,118632,Nippon Large Cap,Open Ended Schemes,28-06-2022,51.10040
Nippon Large Cap,118632,Nippon India Mutual Fund,,INF204K01XI3,Equity Scheme - Large Cap Fund,118632,Nippon Large Cap,Open Ended Schemes,27-06-2022,50.89400
Nippon Large Cap,118632,Nippon India Mutual Fund,,INF204K01XI3,Equity Scheme - Large Cap Fund,118632,Nippon Large Cap,Open Ended Schemes,24-06-2022,50.39560
Nippon Large Cap,118632,Nippon India Mutual Fund,,INF204K01XI3,Equity Scheme - Large Cap Fund,118632,Nippon Large Cap,Open Ended Schemes,23-06-2022,49.92490
Nippon Large Cap,118632,Nippon India Mutual Fund,,INF204K01XI3,Equity Scheme - Large Cap Fund,118632,Nippon Large Cap,Open Ended Schemes,22-06-2022,49.33730
Nippon Large Cap,118632,Nippon India Mutual Fund,,INF204K01XI3,Equity Scheme - Large Cap Fund,118632,Nippon Large Cap,Open Ended Schemes,21-06-2022,50.04410
Nippon Large Cap,118632,Nippon India Mutual Fund,,INF204K01XI3,Equity Scheme - Large Cap Fund,118632,Nippon Large Cap,Open Ended Schemes,20-06-2022,48.83100
Nippon Large Cap,118632,Nippon India Mutual Fund,,INF204K01XI3,Equity Scheme - Large Cap Fund,118632,Nippon Large Cap,Open Ended Schemes,17-06-2022,48.87040
Nippon Large Cap,118632,Nippon India Mutual Fund,,INF204K01XI3,Equity Scheme - Large Cap Fund,118632,Nippon Large Cap,Open Ended Schemes,16-06-2022,49.06560
Nippon Large Cap,118632,Nippon India Mutual Fund,,INF204K01XI3,Equity Scheme - Large Cap Fund,118632,Nippon Large Cap,Open Ended Schemes,15-06-2022,50.19850
Nippon Large Cap,118632,Nippon India Mutual Fund,,INF204K01XI3,Equity Scheme - Large Cap Fund,118632,Nippon Large Cap,Open Ended Schemes,14-06-2022,50.19110
Nippon Large Cap,118632,Nippon India Mutual Fund,,INF204K01XI3,Equity Scheme - Large Cap Fund,118632,Nippon Large Cap,Open Ended Schemes,13-06-2022,50.24440
Nippon Large Cap,118632,Nippon India Mutual Fund,,INF204K01XI3,Equity Scheme - Large Cap Fund,118632,Nippon Large Cap,Open Ended Schemes,10-06-2022,51.62310
Nippon Large Cap,118632,Nippon India Mutual Fund,,INF204K01XI3,Equity Scheme - Large Cap Fund,118632,Nippon Large Cap,Open Ended Schemes,09-06-2022,52.31770
Nippon Large Cap,118632,Nippon India Mutual Fund,,INF204K01XI3,Equity Scheme - Large Cap Fund,118632,Nippon Large Cap,Open Ended Schemes,08-06-2022,52.13420
Nippon Large Cap,118632,Nippon India Mutual Fund,,INF204K01XI3,Equity Scheme - Large Cap Fund,118632,Nippon Large Cap,Open Ended Schemes,07-06-2022,52.19240
Nippon Large Cap,118632,Nippon India Mutual Fund,,INF204K01XI3,Equity Scheme - Large Cap Fund,118632,Nippon Large Cap,Open Ended Schemes,06-06-2022,52.57360
Nippon Large Cap,118632,Nippon India Mutual Fund,,INF204K01XI3,Equity Scheme - Large Cap Fund,118632,Nippon Large Cap,Open Ended Schemes,03-06-2022,52.71320
Nippon Large Cap,118632,Nippon India Mutual Fund,,INF204K01XI3,Equity Scheme - Large Cap Fund,118632,Nippon Large Cap,Open Ended Schemes,02-06-2022,53.01680
Nippon Large Cap,118632,Nippon India Mutual Fund,,INF204K01XI3,Equity Scheme - Large Cap Fund,118632,Nippon Large Cap,Open Ended Schemes,01-06-2022,52.89580
Nippon Large Cap,118632,Nippon India Mutual Fund,,INF204K01XI3,Equity Scheme - Large Cap Fund,118632,Nippon Large Cap,Open Ended Schemes,31-05-2022,52.91280
Nippon Large Cap,118632,Nippon India Mutual Fund,,INF204K01XI3,Equity Scheme - Large Cap Fund,118632,Nippon Large Cap,Open Ended Schemes,30-05-2022,52.96360
Nippon Large Cap,118632,Nippon India Mutual Fund,,INF204K01XI3,Equity Scheme - Large Cap Fund,118632,Nippon Large Cap,Open Ended Schemes,27-05-2022,51.84610
Nippon Large Cap,118632,Nippon India Mutual Fund,,INF204K01XI3,Equity Scheme - Large Cap Fund,118632,Nippon Large Cap,Open Ended Schemes,26-05-2022,51.16830
Nippon Large Cap,118632,Nippon India Mutual Fund,,INF204K01XI3,Equity Scheme - Large Cap Fund,118632,Nippon Large Cap,Open Ended Schemes,25-05-2022,50.60710
Nippon Large Cap,118632,Nippon India Mutual Fund,,INF204K01XI3,Equity Scheme - Large Cap Fund,118632,Nippon Large Cap,Open Ended Schemes,24-05-2022,51.01280
Nippon Large Cap,118632,Nippon India Mutual Fund,,INF204K01XI3,Equity Scheme - Large Cap Fund,118632,Nippon Large Cap,Open Ended Schemes,23-05-2022,51.21030
Nippon Large Cap,118632,Nippon India Mutual Fund,,INF204K01XI3,Equity Scheme - Large Cap Fund,118632,Nippon Large Cap,Open Ended Schemes,20-05-2022,51.38770
Nippon Large Cap,118632,Nippon India Mutual Fund,,INF204K01XI3,Equity Scheme - Large Cap Fund,118632,Nippon Large Cap,Open Ended Schemes,19-05-2022,50.06080
Nippon Large Cap,118632,Nippon India Mutual Fund,,INF204K01XI3,Equity Scheme - Large Cap Fund,118632,Nippon Large Cap,Open Ended Schemes,18-05-2022,51.34800
Nippon Large Cap,118632,Nippon India Mutual Fund,,INF204K01XI3,Equity Scheme - Large Cap Fund,118632,Nippon Large Cap,Open Ended Schemes,17-05-2022,51.62280
Nippon Large Cap,118632,Nippon India Mutual Fund,,INF204K01XI3,Equity Scheme - Large Cap Fund,118632,Nippon Large Cap,Open Ended Schemes,16-05-2022,50.34520
Nippon Large Cap,118632,Nippon India Mutual Fund,,INF204K01XI3,Equity Scheme - Large Cap Fund,118632,Nippon Large Cap,Open Ended Schemes,13-05-2022,50.07510
Nippon Large Cap,118632,Nippon India Mutual Fund,,INF204K01XI3,Equity Scheme - Large Cap Fund,118632,Nippon Large Cap,Open Ended Schemes,12-05-2022,50.20570
Nippon Large Cap,118632,Nippon India Mutual Fund,,INF204K01XI3,Equity Scheme - Large Cap Fund,118632,Nippon Large Cap,Open Ended Schemes,11-05-2022,51.18510
Nippon Large Cap,118632,Nippon India Mutual Fund,,INF204K01XI3,Equity Scheme - Large Cap Fund,118632,Nippon Large Cap,Open Ended Schemes,10-05-2022,51.44110
Nippon Large Cap,118632,Nippon India Mutual Fund,,INF204K01XI3,Equity Scheme - Large Cap Fund,118632,Nippon Large Cap,Open Ended Schemes,09-05-2022,51.74560
Nippon Large Cap,118632,Nippon India Mutual Fund,,INF204K01XI3,Equity Scheme - Large Cap Fund,118632,Nippon Large Cap,Open Ended Schemes,06-05-2022,52.15220
Nippon Large Cap,118632,Nippon India Mutual Fund,,INF204K01XI3,Equity Scheme - Large Cap Fund,118632,Nippon Large Cap,Open Ended Schemes,05-05-2022,52.86480
Nippon Large Cap,118632,Nippon India Mutual Fund,,INF204K01XI3,Equity Scheme - Large Cap Fund,118632,Nippon Large Cap,Open Ended Schemes,04-05-2022,52.71600
Nippon Large Cap,118632,Nippon India Mutual Fund,,INF204K01XI3,Equity Scheme - Large Cap Fund,118632,Nippon Large Cap,Open Ended Schemes,02-05-2022,53.98040
Nippon Large Cap,118632,Nippon India Mutual Fund,,INF204K01XI3,Equity Scheme - Large Cap Fund,118632,Nippon Large Cap,Open Ended Schemes,29-04-2022,54.03450
Nippon Large Cap,118632,Nippon India Mutual Fund,,INF204K01XI3,Equity Scheme - Large Cap Fund,118632,Nippon Large Cap,Open Ended Schemes,28-04-2022,54.44900
Nippon Large Cap,118632,Nippon India Mutual Fund,,INF204K01XI3,Equity Scheme - Large Cap Fund,118632,Nippon Large Cap,Open Ended Schemes,27-04-2022,53.75660
Nippon Large Cap,118632,Nippon India Mutual Fund,,INF204K01XI3,Equity Scheme - Large Cap Fund,118632,Nippon Large Cap,Open Ended Schemes,26-04-2022,54.14080
Nippon Large Cap,118632,Nippon India Mutual Fund,,INF204K01XI3,Equity Scheme - Large Cap Fund,118632,Nippon Large Cap,Open Ended Schemes,25-04-2022,53.43280
Nippon Large Cap,118632,Nippon India Mutual Fund,,INF204K01XI3,Equity Scheme - Large Cap Fund,118632,Nippon Large Cap,Open Ended Schemes,22-04-2022,54.24670
Nippon Large Cap,118632,Nippon India Mutual Fund,,INF204K01XI3,Equity Scheme - Large Cap Fund,118632,Nippon Large Cap,Open Ended Schemes,21-04-2022,54.81440
Nippon Large Cap,118632,Nippon India Mutual Fund,,INF204K01XI3,Equity Scheme - Large Cap Fund,118632,Nippon Large Cap,Open Ended Schemes,20-04-2022,54.11330
Nippon Large Cap,118632,Nippon India Mutual Fund,,INF204K01XI3,Equity Scheme - Large Cap Fund,118632,Nippon Large Cap,Open Ended Schemes,19-04-2022,53.90440
Nippon Large Cap,118632,Nippon India Mutual Fund,,INF204K01XI3,Equity Scheme - Large Cap Fund,118632,Nippon Large Cap,Open Ended Schemes,18-04-2022,54.70580
Nippon Large Cap,118632,Nippon India Mutual Fund,,INF204K01XI3,Equity Scheme - Large Cap Fund,118632,Nippon Large Cap,Open Ended Schemes,13-04-2022,55.63300
Nippon Large Cap,118632,Nippon India Mutual Fund,,INF204K01XI3,Equity Scheme - Large Cap Fund,118632,Nippon Large Cap,Open Ended Schemes,12-04-2022,55.67510
Nippon Large Cap,118632,Nippon India Mutual Fund,,INF204K01XI3,Equity Scheme - Large Cap Fund,118632,Nippon Large Cap,Open Ended Schemes,11-04-2022,56.21160
Nippon Large Cap,118632,Nippon India Mutual Fund,,INF204K01XI3,Equity Scheme - Large Cap Fund,118632,Nippon Large Cap,Open Ended Schemes,08-04-2022,56.56180
Nippon Large Cap,118632,Nippon India Mutual Fund,,INF204K01XI3,Equity Scheme - Large Cap Fund,118632,Nippon Large Cap,Open Ended Schemes,07-04-2022,56.10150
Nippon Large Cap,118632,Nippon India Mutual Fund,,INF204K01XI3,Equity Scheme - Large Cap Fund,118632,Nippon Large Cap,Open Ended Schemes,06-04-2022,56.46940
Nippon Large Cap,118632,Nippon India Mutual Fund,,INF204K01XI3,Equity Scheme - Large Cap Fund,118632,Nippon Large Cap,Open Ended Schemes,05-04-2022,56.58480
Nippon Large Cap,118632,Nippon India Mutual Fund,,INF204K01XI3,Equity Scheme - Large Cap Fund,118632,Nippon Large Cap,Open Ended Schemes,04-04-2022,56.83260
Nippon Large Cap,118632,Nippon India Mutual Fund,,INF204K01XI3,Equity Scheme - Large Cap Fund,118632,Nippon Large Cap,Open Ended Schemes,01-04-2022,55.71510
Nippon Large Cap,118632,Nippon India Mutual Fund,,INF204K01XI3,Equity Scheme - Large Cap Fund,118632,Nippon Large Cap,Open Ended Schemes,31-03-2022,54.95900
Nippon Large Cap,118632,Nippon India Mutual Fund,,INF204K01XI3,Equity Scheme - Large Cap Fund,118632,Nippon Large Cap,Open Ended Schemes,30-03-2022,55.02120
Nippon Large Cap,118632,Nippon India Mutual Fund,,INF204K01XI3,Equity Scheme - Large Cap Fund,118632,Nippon Large Cap,Open Ended Schemes,29-03-2022,54.52270
Nippon Large Cap,118632,Nippon India Mutual Fund,,INF204K01XI3,Equity Scheme - Large Cap Fund,118632,Nippon Large Cap,Open Ended Schemes,28-03-2022,54.10120
Nippon Large Cap,118632,Nippon India Mutual Fund,,INF204K01XI3,Equity Scheme - Large Cap Fund,118632,Nippon Large Cap,Open Ended Schemes,25-03-2022,53.82670
Nippon Large Cap,118632,Nippon India Mutual Fund,,INF204K01XI3,Equity Scheme - Large Cap Fund,118632,Nippon Large Cap,Open Ended Schemes,24-03-2022,53.93040
Nippon Large Cap,118632,Nippon India Mutual Fund,,INF204K01XI3,Equity Scheme - Large Cap Fund,118632,Nippon Large Cap,Open Ended Schemes,23-03-2022,53.95230
Nippon Large Cap,118632,Nippon India Mutual Fund,,INF204K01XI3,Equity Scheme - Large Cap Fund,118632,Nippon Large Cap,Open Ended Schemes,22-03-2022,53.97730
Nippon Large Cap,118632,Nippon India Mutual Fund,,INF204K01XI3,Equity Scheme - Large Cap Fund,118632,Nippon Large Cap,Open Ended Schemes,21-03-2022,53.36530
Nippon Large Cap,118632,Nippon India Mutual Fund,,INF204K01XI3,Equity Scheme - Large Cap Fund,118632,Nippon Large Cap,Open Ended Schemes,17-03-2022,53.90740
Nippon Large Cap,118632,Nippon India Mutual Fund,,INF204K01XI3,Equity Scheme - Large Cap Fund,118632,Nippon Large Cap,Open Ended Schemes,16-03-2022,53.15440
Nippon Large Cap,118632,Nippon India Mutual Fund,,INF204K01XI3,Equity Scheme - Large Cap Fund,118632,Nippon Large Cap,Open Ended Schemes,15-03-2022,52.17630
Nippon Large Cap,118632,Nippon India Mutual Fund,,INF204K01XI3,Equity Scheme - Large Cap Fund,118632,Nippon Large Cap,Open Ended Schemes,14-03-2022,52.66590
Nippon Large Cap,118632,Nippon India Mutual Fund,,INF204K01XI3,Equity Scheme - Large Cap Fund,118632,Nippon Large Cap,Open Ended Schemes,11-03-2022,51.91610
Nippon Large Cap,118632,Nippon India Mutual Fund,,INF204K01XI3,Equity Scheme - Large Cap Fund,118632,Nippon Large Cap,Open Ended Schemes,10-03-2022,51.76750
Nippon Large Cap,118632,Nippon India Mutual Fund,,INF204K01XI3,Equity Scheme - Large Cap Fund,118632,Nippon Large Cap,Open Ended Schemes,09-03-2022,51.16260
Nippon Large Cap,118632,Nippon India Mutual Fund,,INF204K01XI3,Equity Scheme - Large Cap Fund,118632,Nippon Large Cap,Open Ended Schemes,08-03-2022,50.10750
Nippon Large Cap,118632,Nippon India Mutual Fund,,INF204K01XI3,Equity Scheme - Large Cap Fund,118632,Nippon Large Cap,Open Ended Schemes,07-03-2022,49.41980
Nippon Large Cap,118632,Nippon India Mutual Fund,,INF204K01XI3,Equity Scheme - Large Cap Fund,118632,Nippon Large Cap,Open Ended Schemes,04-03-2022,50.52310
Nippon Large Cap,118632,Nippon India Mutual Fund,,INF204K01XI3,Equity Scheme - Large Cap Fund,118632,Nippon Large Cap,Open Ended Schemes,03-03-2022,51.25700
Nippon Large Cap,118632,Nippon India Mutual Fund,,INF204K01XI3,Equity Scheme - Large Cap Fund,118632,Nippon Large Cap,Open Ended Schemes,02-03-2022,51.49790
Nippon Large Cap,118632,Nippon India Mutual Fund,,INF204K01XI3,Equity Scheme - Large Cap Fund,118632,Nippon Large Cap,Open Ended Schemes,28-02-2022,52.12610
Nippon Large Cap,118632,Nippon India Mutual Fund,,INF204K01XI3,Equity Scheme - Large Cap Fund,118632,Nippon Large Cap,Open Ended Schemes,25-02-2022,51.92450
Nippon Large Cap,118632,Nippon India Mutual Fund,,INF204K01XI3,Equity Scheme - Large Cap Fund,118632,Nippon Large Cap,Open Ended Schemes,24-02-2022,50.51030
Nippon Large Cap,118632,Nippon India Mutual Fund,,INF204K01XI3,Equity Scheme - Large Cap Fund,118632,Nippon Large Cap,Open Ended Schemes,23-02-2022,53.11290
Nippon Large Cap,118632,Nippon India Mutual Fund,,INF204K01XI3,Equity Scheme - Large Cap Fund,118632,Nippon Large Cap,Open Ended Schemes,22-02-2022,53.18450
Nippon Large Cap,118632,Nippon India Mutual Fund,,INF204K01XI3,Equity Scheme - Large Cap Fund,118632,Nippon Large Cap,Open Ended Schemes,21-02-2022,53.74330
Nippon Large Cap,118632,Nippon India Mutual Fund,,INF204K01XI3,Equity Scheme - Large Cap Fund,118632,Nippon Large Cap,Open Ended Schemes,18-02-2022,53.95360
Nippon Large Cap,118632,Nippon India Mutual Fund,,INF204K01XI3,Equity Scheme - Large Cap Fund,118632,Nippon Large Cap,Open Ended Schemes,17-02-2022,54.05680
Nippon Large Cap,118632,Nippon India Mutual Fund,,INF204K01XI3,Equity Scheme - Large Cap Fund,118632,Nippon Large Cap,Open Ended Schemes,16-02-2022,54.12800
Nippon Large Cap,118632,Nippon India Mutual Fund,,INF204K01XI3,Equity Scheme - Large Cap Fund,118632,Nippon Large Cap,Open Ended Schemes,15-02-2022,54.24580
Nippon Large Cap,118632,Nippon India Mutual Fund,,INF204K01XI3,Equity Scheme - Large Cap Fund,118632,Nippon Large Cap,Open Ended Schemes,14-02-2022,52.66860
Nippon Large Cap,118632,Nippon India Mutual Fund,,INF204K01XI3,Equity Scheme - Large Cap Fund,118632,Nippon Large Cap,Open Ended Schemes,11-02-2022,54.59170
Nippon Large Cap,118632,Nippon India Mutual Fund,,INF204K01XI3,Equity Scheme - Large Cap Fund,118632,Nippon Large Cap,Open Ended Schemes,10-02-2022,55.41490
Nippon Large Cap,118632,Nippon India Mutual Fund,,INF204K01XI3,Equity Scheme - Large Cap Fund,118632,Nippon Large Cap,Open Ended Schemes,09-02-2022,55.04120
Nippon Large Cap,118632,Nippon India Mutual Fund,,INF204K01XI3,Equity Scheme - Large Cap Fund,118632,Nippon Large Cap,Open Ended Schemes,08-02-2022,54.50860
Nippon Large Cap,118632,Nippon India Mutual Fund,,INF204K01XI3,Equity Scheme - Large Cap Fund,118632,Nippon Large Cap,Open Ended Schemes,07-02-2022,54.50470
Nippon Large Cap,118632,Nippon India Mutual Fund,,INF204K01XI3,Equity Scheme - Large Cap Fund,118632,Nippon Large Cap,Open Ended Schemes,04-02-2022,55.29950
Nippon Large Cap,118632,Nippon India Mutual Fund,,INF204K01XI3,Equity Scheme - Large Cap Fund,118632,Nippon Large Cap,Open Ended Schemes,03-02-2022,55.54400
Nippon Large Cap,118632,Nippon India Mutual Fund,,INF204K01XI3,Equity Scheme - Large Cap Fund,118632,Nippon Large Cap,Open Ended Schemes,02-02-2022,56.00010
Nippon Large Cap,118632,Nippon India Mutual Fund,,INF204K01XI3,Equity Scheme - Large Cap Fund,118632,Nippon Large Cap,Open Ended Schemes,01-02-2022,55.37350
Nippon Large Cap,118632,Nippon India Mutual Fund,,INF204K01XI3,Equity Scheme - Large Cap Fund,118632,Nippon Large Cap,Open Ended Schemes,31-01-2022,54.74580
Nippon Large Cap,118632,Nippon India Mutual Fund,,INF204K01XI3,Equity Scheme - Large Cap Fund,118632,Nippon Large Cap,Open Ended Schemes,28-01-2022,53.77490
Nippon Large Cap,118632,Nippon India Mutual Fund,,INF204K01XI3,Equity Scheme - Large Cap Fund,118632,Nippon Large Cap,Open Ended Schemes,27-01-2022,53.70110
Nippon Large Cap,118632,Nippon India Mutual Fund,,INF204K01XI3,Equity Scheme - Large Cap Fund,118632,Nippon Large Cap,Open Ended Schemes,25-01-2022,54.05770
Nippon Large Cap,118632,Nippon India Mutual Fund,,INF204K01XI3,Equity Scheme - Large Cap Fund,118632,Nippon Large Cap,Open Ended Schemes,24-01-2022,53.14660
Nippon Large Cap,118632,Nippon India Mutual Fund,,INF204K01XI3,Equity Scheme - Large Cap Fund,118632,Nippon Large Cap,Open Ended Schemes,21-01-2022,54.65600
Nippon Large Cap,118632,Nippon India Mutual Fund,,INF204K01XI3,Equity Scheme - Large Cap Fund,118632,Nippon Large Cap,Open Ended Schemes,20-01-2022,55.24120
Nippon Large Cap,118632,Nippon India Mutual Fund,,INF204K01XI3,Equity Scheme - Large Cap Fund,118632,Nippon Large Cap,Open Ended Schemes,19-01-2022,55.61330
Nippon Large Cap,118632,Nippon India Mutual Fund,,INF204K01XI3,Equity Scheme - Large Cap Fund,118632,Nippon Large Cap,Open Ended Schemes,18-01-2022,55.91550
Nippon Large Cap,118632,Nippon India Mutual Fund,,INF204K01XI3,Equity Scheme - Large Cap Fund,118632,Nippon Large Cap,Open Ended Schemes,17-01-2022,56.55810
Nippon Large Cap,118632,Nippon India Mutual Fund,,INF204K01XI3,Equity Scheme - Large Cap Fund,118632,Nippon Large Cap,Open Ended Schemes,14-01-2022,56.62800
Nippon Large Cap,118632,Nippon India Mutual Fund,,INF204K01XI3,Equity Scheme - Large Cap Fund,118632,Nippon Large Cap,Open Ended Schemes,13-01-2022,56.55210
Nippon Large Cap,118632,Nippon India Mutual Fund,,INF204K01XI3,Equity Scheme - Large Cap Fund,118632,Nippon Large Cap,Open Ended Schemes,12-01-2022,56.42000
Nippon Large Cap,118632,Nippon India Mutual Fund,,INF204K01XI3,Equity Scheme - Large Cap Fund,118632,Nippon Large Cap,Open Ended Schemes,11-01-2022,55.77810
Nippon Large Cap,118632,Nippon India Mutual Fund,,INF204K01XI3,Equity Scheme - Large Cap Fund,118632,Nippon Large Cap,Open Ended Schemes,10-01-2022,55.54180
Nippon Large Cap,118632,Nippon India Mutual Fund,,INF204K01XI3,Equity Scheme - Large Cap Fund,118632,Nippon Large Cap,Open Ended Schemes,07-01-2022,54.88750
Nippon Large Cap,118632,Nippon India Mutual Fund,,INF204K01XI3,Equity Scheme - Large Cap Fund,118632,Nippon Large Cap,Open Ended Schemes,06-01-2022,54.83310
Nippon Large Cap,118632,Nippon India Mutual Fund,,INF204K01XI3,Equity Scheme - Large Cap Fund,118632,Nippon Large Cap,Open Ended Schemes,05-01-2022,55.14800
Nippon Large Cap,118632,Nippon India Mutual Fund,,INF204K01XI3,Equity Scheme - Large Cap Fund,118632,Nippon Large Cap,Open Ended Schemes,04-01-2022,54.91540
Nippon Large Cap,118632,Nippon India Mutual Fund,,INF204K01XI3,Equity Scheme - Large Cap Fund,118632,Nippon Large Cap,Open Ended Schemes,03-01-2022,54.39910
Nippon Large Cap,118632,Nippon India Mutual Fund,,INF204K01XI3,Equity Scheme - Large Cap Fund,118632,Nippon Large Cap,Open Ended Schemes,31-12-2021,53.61050
Nippon Large Cap,118632,Nippon India Mutual Fund,,INF204K01XI3,Equity Scheme - Large Cap Fund,118632,Nippon Large Cap,Open Ended Schemes,30-12-2021,53.10150
Nippon Large Cap,118632,Nippon India Mutual Fund,,INF204K01XI3,Equity Scheme - Large Cap Fund,118632,Nippon Large Cap,Open Ended Schemes,29-12-2021,53.13470
Nippon Large Cap,118632,Nippon India Mutual Fund,,INF204K01XI3,Equity Scheme - Large Cap Fund,118632,Nippon Large Cap,Open Ended Schemes,28-12-2021,53.24260
Nippon Large Cap,118632,Nippon India Mutual Fund,,INF204K01XI3,Equity Scheme - Large Cap Fund,118632,Nippon Large Cap,Open Ended Schemes,27-12-2021,52.70890
Nippon Large Cap,118632,Nippon India Mutual Fund,,INF204K01XI3,Equity Scheme - Large Cap Fund,118632,Nippon Large Cap,Open Ended Schemes,24-12-2021,52.58800
Nippon Large Cap,118632,Nippon India Mutual Fund,,INF204K01XI3,Equity Scheme - Large Cap Fund,118632,Nippon Large Cap,Open Ended Schemes,23-12-2021,52.83440
Nippon Large Cap,118632,Nippon India Mutual Fund,,INF204K01XI3,Equity Scheme - Large Cap Fund,118632,Nippon Large Cap,Open Ended Schemes,22-12-2021,52.59140
Nippon Large Cap,118632,Nippon India Mutual Fund,,INF204K01XI3,Equity Scheme - Large Cap Fund,118632,Nippon Large Cap,Open Ended Schemes,21-12-2021,51.96210
Nippon Large Cap,118632,Nippon India Mutual Fund,,INF204K01XI3,Equity Scheme - Large Cap Fund,118632,Nippon Large Cap,Open Ended Schemes,20-12-2021,51.41840
Nippon Large Cap,118632,Nippon India Mutual Fund,,INF204K01XI3,Equity Scheme - Large Cap Fund,118632,Nippon Large Cap,Open Ended Schemes,17-12-2021,52.75350
Nippon Large Cap,118632,Nippon India Mutual Fund,,INF204K01XI3,Equity Scheme - Large Cap Fund,118632,Nippon Large Cap,Open Ended Schemes,16-12-2021,53.68260
Nippon Large Cap,118632,Nippon India Mutual Fund,,INF204K01XI3,Equity Scheme - Large Cap Fund,118632,Nippon Large Cap,Open Ended Schemes,15-12-2021,53.81860
Nippon Large Cap,118632,Nippon India Mutual Fund,,INF204K01XI3,Equity Scheme - Large Cap Fund,118632,Nippon Large Cap,Open Ended Schemes,14-12-2021,54.10710
Nippon Large Cap,118632,Nippon India Mutual Fund,,INF204K01XI3,Equity Scheme - Large Cap Fund,118632,Nippon Large Cap,Open Ended Schemes,13-12-2021,54.28160
Nippon Large Cap,118632,Nippon India Mutual Fund,,INF204K01XI3,Equity Scheme - Large Cap Fund,118632,Nippon Large Cap,Open Ended Schemes,10-12-2021,54.56160
Nippon Large Cap,118632,Nippon India Mutual Fund,,INF204K01XI3,Equity Scheme - Large Cap Fund,118632,Nippon Large Cap,Open Ended Schemes,09-12-2021,54.55850
Nippon Large Cap,118632,Nippon India Mutual Fund,,INF204K01XI3,Equity Scheme - Large Cap Fund,118632,Nippon Large Cap,Open Ended Schemes,08-12-2021,54.38110
Nippon Large Cap,118632,Nippon India Mutual Fund,,INF204K01XI3,Equity Scheme - Large Cap Fund,118632,Nippon Large Cap,Open Ended Schemes,07-12-2021,53.42810
Nippon Large Cap,118632,Nippon India Mutual Fund,,INF204K01XI3,Equity Scheme - Large Cap Fund,118632,Nippon Large Cap,Open Ended Schemes,06-12-2021,52.56570
Nippon Large Cap,118632,Nippon India Mutual Fund,,INF204K01XI3,Equity Scheme - Large Cap Fund,118632,Nippon Large Cap,Open Ended Schemes,03-12-2021,53.39900
Nippon Large Cap,118632,Nippon India Mutual Fund,,INF204K01XI3,Equity Scheme - Large Cap Fund,118632,Nippon Large Cap,Open Ended Schemes,02-12-2021,53.76380
Nippon Large Cap,118632,Nippon India Mutual Fund,,INF204K01XI3,Equity Scheme - Large Cap Fund,118632,Nippon Large Cap,Open Ended Schemes,01-12-2021,53.22620
Nippon Large Cap,118632,Nippon India Mutual Fund,,INF204K01XI3,Equity Scheme - Large Cap Fund,118632,Nippon Large Cap,Open Ended Schemes,30-11-2021,52.61690
Nippon Large Cap,118632,Nippon India Mutual Fund,,INF204K01XI3,Equity Scheme - Large Cap Fund,118632,Nippon Large Cap,Open Ended Schemes,29-11-2021,52.74080
Nippon Large Cap,118632,Nippon India Mutual Fund,,INF204K01XI3,Equity Scheme - Large Cap Fund,118632,Nippon Large Cap,Open Ended Schemes,26-11-2021,52.95810
Nippon Large Cap,118632,Nippon India Mutual Fund,,INF204K01XI3,Equity Scheme - Large Cap Fund,118632,Nippon Large Cap,Open Ended Schemes,25-11-2021,54.86380
Nippon Large Cap,118632,Nippon India Mutual Fund,,INF204K01XI3,Equity Scheme - Large Cap Fund,118632,Nippon Large Cap,Open Ended Schemes,24-11-2021,54.58540
Nippon Large Cap,118632,Nippon India Mutual Fund,,INF204K01XI3,Equity Scheme - Large Cap Fund,118632,Nippon Large Cap,Open Ended Schemes,23-11-2021,54.70640
Nippon Large Cap,118632,Nippon India Mutual Fund,,INF204K01XI3,Equity Scheme - Large Cap Fund,118632,Nippon Large Cap,Open Ended Schemes,22-11-2021,54.04950
Nippon Large Cap,118632,Nippon India Mutual Fund,,INF204K01XI3,Equity Scheme - Large Cap Fund,118632,Nippon Large Cap,Open Ended Schemes,18-11-2021,55.19570
Nippon Large Cap,118632,Nippon India Mutual Fund,,INF204K01XI3,Equity Scheme - Large Cap Fund,118632,Nippon Large Cap,Open Ended Schemes,17-11-2021,55.78980
Nippon Large Cap,118632,Nippon India Mutual Fund,,INF204K01XI3,Equity Scheme - Large Cap Fund,118632,Nippon Large Cap,Open Ended Schemes,16-11-2021,56.04450
Nippon Large Cap,118632,Nippon India Mutual Fund,,INF204K01XI3,Equity Scheme - Large Cap Fund,118632,Nippon Large Cap,Open Ended Schemes,15-11-2021,56.52210
Nippon Large Cap,118632,Nippon India Mutual Fund,,INF204K01XI3,Equity Scheme - Large Cap Fund,118632,Nippon Large Cap,Open Ended Schemes,12-11-2021,56.65460
Nippon Large Cap,118632,Nippon India Mutual Fund,,INF204K01XI3,Equity Scheme - Large Cap Fund,118632,Nippon Large Cap,Open Ended Schemes,11-11-2021,56.03980
Nippon Large Cap,118632,Nippon India Mutual Fund,,INF204K01XI3,Equity Scheme - Large Cap Fund,118632,Nippon Large Cap,Open Ended Schemes,10-11-2021,56.47310
Nippon Large Cap,118632,Nippon India Mutual Fund,,INF204K01XI3,Equity Scheme - Large Cap Fund,118632,Nippon Large Cap,Open Ended Schemes,09-11-2021,56.55420
Nippon Large Cap,118632,Nippon India Mutual Fund,,INF204K01XI3,Equity Scheme - Large Cap Fund,118632,Nippon Large Cap,Open Ended Schemes,08-11-2021,56.38170
Nippon Large Cap,118632,Nippon India Mutual Fund,,INF204K01XI3,Equity Scheme - Large Cap Fund,118632,Nippon Large Cap,Open Ended Schemes,03-11-2021,55.57280
Nippon Large Cap,118632,Nippon India Mutual Fund,,INF204K01XI3,Equity Scheme - Large Cap Fund,118632,Nippon Large Cap,Open Ended Schemes,02-11-2021,55.70950
Nippon Large Cap,118632,Nippon India Mutual Fund,,INF204K01XI3,Equity Scheme - Large Cap Fund,118632,Nippon Large Cap,Open Ended Schemes,01-11-2021,55.64640
Nippon Large Cap,118632,Nippon India Mutual Fund,,INF204K01XI3,Equity Scheme - Large Cap Fund,118632,Nippon Large Cap,Open Ended Schemes,29-10-2021,54.54790
Nippon Large Cap,118632,Nippon India Mutual Fund,,INF204K01XI3,Equity Scheme - Large Cap Fund,118632,Nippon Large Cap,Open Ended Schemes,28-10-2021,55.06760
Nippon Large Cap,118632,Nippon India Mutual Fund,,INF204K01XI3,Equity Scheme - Large Cap Fund,118632,Nippon Large Cap,Open Ended Schemes,27-10-2021,56.19180
Nippon Large Cap,118632,Nippon India Mutual Fund,,INF204K01XI3,Equity Scheme - Large Cap Fund,118632,Nippon Large Cap,Open Ended Schemes,26-10-2021,56.31500
Nippon Large Cap,118632,Nippon India Mutual Fund,,INF204K01XI3,Equity Scheme - Large Cap Fund,118632,Nippon Large Cap,Open Ended Schemes,25-10-2021,55.90120
Nippon Large Cap,118632,Nippon India Mutual Fund,,INF204K01XI3,Equity Scheme - Large Cap Fund,118632,Nippon Large Cap,Open Ended Schemes,22-10-2021,55.93660
Nippon Large Cap,118632,Nippon India Mutual Fund,,INF204K01XI3,Equity Scheme - Large Cap Fund,118632,Nippon Large Cap,Open Ended Schemes,21-10-2021,56.20270
Nippon Large Cap,118632,Nippon India Mutual Fund,,INF204K01XI3,Equity Scheme - Large Cap Fund,118632,Nippon Large Cap,Open Ended Schemes,20-10-2021,56.34760
Nippon Large Cap,118632,Nippon India Mutual Fund,,INF204K01XI3,Equity Scheme - Large Cap Fund,118632,Nippon Large Cap,Open Ended Schemes,19-10-2021,56.49370
Nippon Large Cap,118632,Nippon India Mutual Fund,,INF204K01XI3,Equity Scheme - Large Cap Fund,118632,Nippon Large Cap,Open Ended Schemes,18-10-2021,57.04700
Nippon Large Cap,118632,Nippon India Mutual Fund,,INF204K01XI3,Equity Scheme - Large Cap Fund,118632,Nippon Large Cap,Open Ended Schemes,14-10-2021,56.86220
Nippon Large Cap,118632,Nippon India Mutual Fund,,INF204K01XI3,Equity Scheme - Large Cap Fund,118632,Nippon Large Cap,Open Ended Schemes,13-10-2021,56.27550
Nippon Large Cap,118632,Nippon India Mutual Fund,,INF204K01XI3,Equity Scheme - Large Cap Fund,118632,Nippon Large Cap,Open Ended Schemes,12-10-2021,55.70140
Nippon Large Cap,118632,Nippon India Mutual Fund,,INF204K01XI3,Equity Scheme - Large Cap Fund,118632,Nippon Large Cap,Open Ended Schemes,11-10-2021,55.65080
Nippon Large Cap,118632,Nippon India Mutual Fund,,INF204K01XI3,Equity Scheme - Large Cap Fund,118632,Nippon Large Cap,Open Ended Schemes,08-10-2021,55.33130
Nippon Large Cap,118632,Nippon India Mutual Fund,,INF204K01XI3,Equity Scheme - Large Cap Fund,118632,Nippon Large Cap,Open Ended Schemes,07-10-2021,55.10580
Nippon Large Cap,118632,Nippon India Mutual Fund,,INF204K01XI3,Equity Scheme - Large Cap Fund,118632,Nippon Large Cap,Open Ended Schemes,06-10-2021,54.56930
Nippon Large Cap,118632,Nippon India Mutual Fund,,INF204K01XI3,Equity Scheme - Large Cap Fund,118632,Nippon Large Cap,Open Ended Schemes,05-10-2021,55.24620
Nippon Large Cap,118632,Nippon India Mutual Fund,,INF204K01XI3,Equity Scheme - Large Cap Fund,118632,Nippon Large Cap,Open Ended Schemes,04-10-2021,54.75660
Nippon Large Cap,118632,Nippon India Mutual Fund,,INF204K01XI3,Equity Scheme - Large Cap Fund,118632,Nippon Large Cap,Open Ended Schemes,01-10-2021,53.99890
Nippon Large Cap,118632,Nippon India Mutual Fund,,INF204K01XI3,Equity Scheme - Large Cap Fund,118632,Nippon Large Cap,Open Ended Schemes,30-09-2021,54.23000
Nippon Large Cap,118632,Nippon India Mutual Fund,,INF204K01XI3,Equity Scheme - Large Cap Fund,118632,Nippon Large Cap,Open Ended Schemes,29-09-2021,54.34900
Nippon Large Cap,118632,Nippon India Mutual Fund,,INF204K01XI3,Equity Scheme - Large Cap Fund,118632,Nippon Large Cap,Open Ended Schemes,28-09-2021,54.13760
Nippon Large Cap,118632,Nippon India Mutual Fund,,INF204K01XI3,Equity Scheme - Large Cap Fund,118632,Nippon Large Cap,Open Ended Schemes,27-09-2021,54.58390
Nippon Large Cap,118632,Nippon India Mutual Fund,,INF204K01XI3,Equity Scheme - Large Cap Fund,118632,Nippon Large Cap,Open Ended Schemes,24-09-2021,54.46810
Nippon Large Cap,118632,Nippon India Mutual Fund,,INF204K01XI3,Equity Scheme - Large Cap Fund,118632,Nippon Large Cap,Open Ended Schemes,23-09-2021,54.59140
Nippon Large Cap,118632,Nippon India Mutual Fund,,INF204K01XI3,Equity Scheme - Large Cap Fund,118632,Nippon Large Cap,Open Ended Schemes,22-09-2021,53.84150
Nippon Large Cap,118632,Nippon India Mutual Fund,,INF204K01XI3,Equity Scheme - Large Cap Fund,118632,Nippon Large Cap,Open Ended Schemes,21-09-2021,53.58570
Nippon Large Cap,118632,Nippon India Mutual Fund,,INF204K01XI3,Equity Scheme - Large Cap Fund,118632,Nippon Large Cap,Open Ended Schemes,20-09-2021,53.14630
Nippon Large Cap,118632,Nippon India Mutual Fund,,INF204K01XI3,Equity Scheme - Large Cap Fund,118632,Nippon Large Cap,Open Ended Schemes,17-09-2021,53.71790
Nippon Large Cap,118632,Nippon India Mutual Fund,,INF204K01XI3,Equity Scheme - Large Cap Fund,118632,Nippon Large Cap,Open Ended Schemes,16-09-2021,54.06560
Nippon Large Cap,118632,Nippon India Mutual Fund,,INF204K01XI3,Equity Scheme - Large Cap Fund,118632,Nippon Large Cap,Open Ended Schemes,15-09-2021,53.71010
Nippon Large Cap,118632,Nippon India Mutual Fund,,INF204K01XI3,Equity Scheme - Large Cap Fund,118632,Nippon Large Cap,Open Ended Schemes,14-09-2021,53.02320
Nippon Large Cap,118632,Nippon India Mutual Fund,,INF204K01XI3,Equity Scheme - Large Cap Fund,118632,Nippon Large Cap,Open Ended Schemes,13-09-2021,52.89520
Nippon Large Cap,118632,Nippon India Mutual Fund,,INF204K01XI3,Equity Scheme - Large Cap Fund,118632,Nippon Large Cap,Open Ended Schemes,09-09-2021,52.93060
Nippon Large Cap,118632,Nippon India Mutual Fund,,INF204K01XI3,Equity Scheme - Large Cap Fund,118632,Nippon Large Cap,Open Ended Schemes,08-09-2021,52.69580
Nippon Large Cap,118632,Nippon India Mutual Fund,,INF204K01XI3,Equity Scheme - Large Cap Fund,118632,Nippon Large Cap,Open Ended Schemes,07-09-2021,52.62170
Nippon Large Cap,118632,Nippon India Mutual Fund,,INF204K01XI3,Equity Scheme - Large Cap Fund,118632,Nippon Large Cap,Open Ended Schemes,06-09-2021,52.67460
Nippon Large Cap,118632,Nippon India Mutual Fund,,INF204K01XI3,Equity Scheme - Large Cap Fund,118632,Nippon Large Cap,Open Ended Schemes,03-09-2021,52.62630
Nippon Large Cap,118632,Nippon India Mutual Fund,,INF204K01XI3,Equity Scheme - Large Cap Fund,118632,Nippon Large Cap,Open Ended Schemes,02-09-2021,52.49570
Nippon Large Cap,118632,Nippon India Mutual Fund,,INF204K01XI3,Equity Scheme - Large Cap Fund,118632,Nippon Large Cap,Open Ended Schemes,01-09-2021,52.06830
Nippon Large Cap,118632,Nippon India Mutual Fund,,INF204K01XI3,Equity Scheme - Large Cap Fund,118632,Nippon Large Cap,Open Ended Schemes,31-08-2021,52.08160
Nippon Large Cap,118632,Nippon India Mutual Fund,,INF204K01XI3,Equity Scheme - Large Cap Fund,118632,Nippon Large Cap,Open Ended Schemes,30-08-2021,51.42780
Nippon Large Cap,118632,Nippon India Mutual Fund,,INF204K01XI3,Equity Scheme - Large Cap Fund,118632,Nippon Large Cap,Open Ended Schemes,27-08-2021,50.65950
Nippon Large Cap,118632,Nippon India Mutual Fund,,INF204K01XI3,Equity Scheme - Large Cap Fund,118632,Nippon Large Cap,Open Ended Schemes,26-08-2021,50.35020
Nippon Large Cap,118632,Nippon India Mutual Fund,,INF204K01XI3,Equity Scheme - Large Cap Fund,118632,Nippon Large Cap,Open Ended Schemes,25-08-2021,50.39780
Nippon Large Cap,118632,Nippon India Mutual Fund,,INF204K01XI3,Equity Scheme - Large Cap Fund,118632,Nippon Large Cap,Open Ended Schemes,24-08-2021,50.28080
Nippon Large Cap,118632,Nippon India Mutual Fund,,INF204K01XI3,Equity Scheme - Large Cap Fund,118632,Nippon Large Cap,Open Ended Schemes,23-08-2021,49.83300
Nippon Large Cap,118632,Nippon India Mutual Fund,,INF204K01XI3,Equity Scheme - Large Cap Fund,118632,Nippon Large Cap,Open Ended Schemes,20-08-2021,49.69610
Nippon Large Cap,118632,Nippon India Mutual Fund,,INF204K01XI3,Equity Scheme - Large Cap Fund,118632,Nippon Large Cap,Open Ended Schemes,18-08-2021,50.33970
Nippon Large Cap,118632,Nippon India Mutual Fund,,INF204K01XI3,Equity Scheme - Large Cap Fund,118632,Nippon Large Cap,Open Ended Schemes,17-08-2021,50.50740
Nippon Large Cap,118632,Nippon India Mutual Fund,,INF204K01XI3,Equity Scheme - Large Cap Fund,118632,Nippon Large Cap,Open Ended Schemes,16-08-2021,50.51760
Nippon Large Cap,118632,Nippon India Mutual Fund,,INF204K01XI3,Equity Scheme - Large Cap Fund,118632,Nippon Large Cap,Open Ended Schemes,13-08-2021,50.45980
Nippon Large Cap,118632,Nippon India Mutual Fund,,INF204K01XI3,Equity Scheme - Large Cap Fund,118632,Nippon Large Cap,Open Ended Schemes,12-08-2021,49.98210
Nippon Large Cap,118632,Nippon India Mutual Fund,,INF204K01XI3,Equity Scheme - Large Cap Fund,118632,Nippon Large Cap,Open Ended Schemes,11-08-2021,49.60930
Nippon Large Cap,118632,Nippon India Mutual Fund,,INF204K01XI3,Equity Scheme - Large Cap Fund,118632,Nippon Large Cap,Open Ended Schemes,10-08-2021,49.46440
Nippon Large Cap,118632,Nippon India Mutual Fund,,INF204K01XI3,Equity Scheme - Large Cap Fund,118632,Nippon Large Cap,Open Ended Schemes,09-08-2021,49.52660
Nippon Large Cap,118632,Nippon India Mutual Fund,,INF204K01XI3,Equity Scheme - Large Cap Fund,118632,Nippon Large Cap,Open Ended Schemes,06-08-2021,49.63750
Nippon Large Cap,118632,Nippon India Mutual Fund,,INF204K01XI3,Equity Scheme - Large Cap Fund,118632,Nippon Large Cap,Open Ended Schemes,05-08-2021,49.85860
Nippon Large Cap,118632,Nippon India Mutual Fund,,INF204K01XI3,Equity Scheme - Large Cap Fund,118632,Nippon Large Cap,Open Ended Schemes,04-08-2021,49.78870
Nippon Large Cap,118632,Nippon India Mutual Fund,,INF204K01XI3,Equity Scheme - Large Cap Fund,118632,Nippon Large Cap,Open Ended Schemes,03-08-2021,49.58360
Nippon Large Cap,118632,Nippon India Mutual Fund,,INF204K01XI3,Equity Scheme - Large Cap Fund,118632,Nippon Large Cap,Open Ended Schemes,02-08-2021,48.88430
Nippon Large Cap,118632,Nippon India Mutual Fund,,INF204K01XI3,Equity Scheme - Large Cap Fund,118632,Nippon Large Cap,Open Ended Schemes,30-07-2021,48.63920
Nippon Large Cap,118632,Nippon India Mutual Fund,,INF204K01XI3,Equity Scheme - Large Cap Fund,118632,Nippon Large Cap,Open Ended Schemes,29-07-2021,48.68440
Nippon Large Cap,118632,Nippon India Mutual Fund,,INF204K01XI3,Equity Scheme - Large Cap Fund,118632,Nippon Large Cap,Open Ended Schemes,28-07-2021,48.28160
Nippon Large Cap,118632,Nippon India Mutual Fund,,INF204K01XI3,Equity Scheme - Large Cap Fund,118632,Nippon Large Cap,Open Ended Schemes,27-07-2021,48.23480
Nippon Large Cap,118632,Nippon India Mutual Fund,,INF204K01XI3,Equity Scheme - Large Cap Fund,118632,Nippon Large Cap,Open Ended Schemes,26-07-2021,48.33770
Nippon Large Cap,118632,Nippon India Mutual Fund,,INF204K01XI3,Equity Scheme - Large Cap Fund,118632,Nippon Large Cap,Open Ended Schemes,23-07-2021,48.26210
Nippon Large Cap,118632,Nippon India Mutual Fund,,INF204K01XI3,Equity Scheme - Large Cap Fund,118632,Nippon Large Cap,Open Ended Schemes,22-07-2021,48.08850
Nippon Large Cap,118632,Nippon India Mutual Fund,,INF204K01XI3,Equity Scheme - Large Cap Fund,118632,Nippon Large Cap,Open Ended Schemes,20-07-2021,47.51100
Nippon Large Cap,118632,Nippon India Mutual Fund,,INF204K01XI3,Equity Scheme - Large Cap Fund,118632,Nippon Large Cap,Open Ended Schemes,19-07-2021,48.17440
Nippon Large Cap,118632,Nippon India Mutual Fund,,INF204K01XI3,Equity Scheme - Large Cap Fund,118632,Nippon Large Cap,Open Ended Schemes,16-07-2021,48.56070
Nippon Large Cap,118632,Nippon India Mutual Fund,,INF204K01XI3,Equity Scheme - Large Cap Fund,118632,Nippon Large Cap,Open Ended Schemes,15-07-2021,48.54730
Nippon Large Cap,118632,Nippon India Mutual Fund,,INF204K01XI3,Equity Scheme - Large Cap Fund,118632,Nippon Large Cap,Open Ended Schemes,14-07-2021,48.30710
Nippon Large Cap,118632,Nippon India Mutual Fund,,INF204K01XI3,Equity Scheme - Large Cap Fund,118632,Nippon Large Cap,Open Ended Schemes,13-07-2021,48.15850
Nippon Large Cap,118632,Nippon India Mutual Fund,,INF204K01XI3,Equity Scheme - Large Cap Fund,118632,Nippon Large Cap,Open Ended Schemes,12-07-2021,47.75750
Nippon Large Cap,118632,Nippon India Mutual Fund,,INF204K01XI3,Equity Scheme - Large Cap Fund,118632,Nippon Large Cap,Open Ended Schemes,09-07-2021,47.78580
Nippon Large Cap,118632,Nippon India Mutual Fund,,INF204K01XI3,Equity Scheme - Large Cap Fund,118632,Nippon Large Cap,Open Ended Schemes,08-07-2021,47.84420
Nippon Large Cap,118632,Nippon India Mutual Fund,,INF204K01XI3,Equity Scheme - Large Cap Fund,118632,Nippon Large Cap,Open Ended Schemes,07-07-2021,48.28580
Nippon Large Cap,118632,Nippon India Mutual Fund,,INF204K01XI3,Equity Scheme - Large Cap Fund,118632,Nippon Large Cap,Open Ended Schemes,06-07-2021,47.99850
Nippon Large Cap,118632,Nippon India Mutual Fund,,INF204K01XI3,Equity Scheme - Large Cap Fund,118632,Nippon Large Cap,Open Ended Schemes,05-07-2021,48.08700
Nippon Large Cap,118632,Nippon India Mutual Fund,,INF204K01XI3,Equity Scheme - Large Cap Fund,118632,Nippon Large Cap,Open Ended Schemes,02-07-2021,47.68780
Nippon Large Cap,118632,Nippon India Mutual Fund,,INF204K01XI3,Equity Scheme - Large Cap Fund,118632,Nippon Large Cap,Open Ended Schemes,01-07-2021,47.52350
Nippon Large Cap,118632,Nippon India Mutual Fund,,INF204K01XI3,Equity Scheme - Large Cap Fund,118632,Nippon Large Cap,Open Ended Schemes,30-06-2021,47.63830
Nippon Large Cap,118632,Nippon India Mutual Fund,,INF204K01XI3,Equity Scheme - Large Cap Fund,118632,Nippon Large Cap,Open Ended Schemes,29-06-2021,47.70990
Nippon Large Cap,118632,Nippon India Mutual Fund,,INF204K01XI3,Equity Scheme - Large Cap Fund,118632,Nippon Large Cap,Open Ended Schemes,28-06-2021,47.83690
Nippon Large Cap,118632,Nippon India Mutual Fund,,INF204K01XI3,Equity Scheme - Large Cap Fund,118632,Nippon Large Cap,Open Ended Schemes,25-06-2021,47.99710
Nippon Large Cap,118632,Nippon India Mutual Fund,,INF204K01XI3,Equity Scheme - Large Cap Fund,118632,Nippon Large Cap,Open Ended Schemes,24-06-2021,47.54910
Nippon Large Cap,118632,Nippon India Mutual Fund,,INF204K01XI3,Equity Scheme - Large Cap Fund,118632,Nippon Large Cap,Open Ended Schemes,23-06-2021,47.26070
Nippon Large Cap,118632,Nippon India Mutual Fund,,INF204K01XI3,Equity Scheme - Large Cap Fund,118632,Nippon Large Cap,Open Ended Schemes,22-06-2021,47.55900
Nippon Large Cap,118632,Nippon India Mutual Fund,,INF204K01XI3,Equity Scheme - Large Cap Fund,118632,Nippon Large Cap,Open Ended Schemes,21-06-2021,47.47090
Nippon Large Cap,118632,Nippon India Mutual Fund,,INF204K01XI3,Equity Scheme - Large Cap Fund,118632,Nippon Large Cap,Open Ended Schemes,18-06-2021,47.19730
Nippon Large Cap,118632,Nippon India Mutual Fund,,INF204K01XI3,Equity Scheme - Large Cap Fund,118632,Nippon Large Cap,Open Ended Schemes,17-06-2021,47.39490
Nippon Large Cap,118632,Nippon India Mutual Fund,,INF204K01XI3,Equity Scheme - Large Cap Fund,118632,Nippon Large Cap,Open Ended Schemes,16-06-2021,47.72560
Nippon Large Cap,118632,Nippon India Mutual Fund,,INF204K01XI3,Equity Scheme - Large Cap Fund,118632,Nippon Large Cap,Open Ended Schemes,15-06-2021,47.98970
Nippon Large Cap,118632,Nippon India Mutual Fund,,INF204K01XI3,Equity Scheme - Large Cap Fund,118632,Nippon Large Cap,Open Ended Schemes,14-06-2021,47.80370
Nippon Large Cap,118632,Nippon India Mutual Fund,,INF204K01XI3,Equity Scheme - Large Cap Fund,118632,Nippon Large Cap,Open Ended Schemes,11-06-2021,47.76550
Nippon Large Cap,118632,Nippon India Mutual Fund,,INF204K01XI3,Equity Scheme - Large Cap Fund,118632,Nippon Large Cap,Open Ended Schemes,10-06-2021,47.67110
Nippon Large Cap,118632,Nippon India Mutual Fund,,INF204K01XI3,Equity Scheme - Large Cap Fund,118632,Nippon Large Cap,Open Ended Schemes,09-06-2021,47.26110
Nippon Large Cap,118632,Nippon India Mutual Fund,,INF204K01XI3,Equity Scheme - Large Cap Fund,118632,Nippon Large Cap,Open Ended Schemes,08-06-2021,47.49810
Nippon Large Cap,118632,Nippon India Mutual Fund,,INF204K01XI3,Equity Scheme - Large Cap Fund,118632,Nippon Large Cap,Open Ended Schemes,07-06-2021,47.51310
Nippon Large Cap,118632,Nippon India Mutual Fund,,INF204K01XI3,Equity Scheme - Large Cap Fund,118632,Nippon Large Cap,Open Ended Schemes,04-06-2021,47.25400
Nippon Large Cap,118632,Nippon India Mutual Fund,,INF204K01XI3,Equity Scheme - Large Cap Fund,118632,Nippon Large Cap,Open Ended Schemes,03-06-2021,47.26870
Nippon Large Cap,118632,Nippon India Mutual Fund,,INF204K01XI3,Equity Scheme - Large Cap Fund,118632,Nippon Large Cap,Open Ended Schemes,02-06-2021,47.01190
Nippon Large Cap,118632,Nippon India Mutual Fund,,INF204K01XI3,Equity Scheme - Large Cap Fund,118632,Nippon Large Cap,Open Ended Schemes,01-06-2021,46.86150
Nippon Large Cap,118632,Nippon India Mutual Fund,,INF204K01XI3,Equity Scheme - Large Cap Fund,118632,Nippon Large Cap,Open Ended Schemes,31-05-2021,46.90400
Nippon Large Cap,118632,Nippon India Mutual Fund,,INF204K01XI3,Equity Scheme - Large Cap Fund,118632,Nippon Large Cap,Open Ended Schemes,28-05-2021,46.39050
Nippon Large Cap,118632,Nippon India Mutual Fund,,INF204K01XI3,Equity Scheme - Large Cap Fund,118632,Nippon Large Cap,Open Ended Schemes,27-05-2021,46.28780
Nippon Large Cap,118632,Nippon India Mutual Fund,,INF204K01XI3,Equity Scheme - Large Cap Fund,118632,Nippon Large Cap,Open Ended Schemes,26-05-2021,46.10050
Nippon Large Cap,118632,Nippon India Mutual Fund,,INF204K01XI3,Equity Scheme - Large Cap Fund,118632,Nippon Large Cap,Open Ended Schemes,25-05-2021,45.93450
Nippon Large Cap,118632,Nippon India Mutual Fund,,INF204K01XI3,Equity Scheme - Large Cap Fund,118632,Nippon Large Cap,Open Ended Schemes,24-05-2021,45.87810
Nippon Large Cap,118632,Nippon India Mutual Fund,,INF204K01XI3,Equity Scheme - Large Cap Fund,118632,Nippon Large Cap,Open Ended Schemes,21-05-2021,45.62850
Nippon Large Cap,118632,Nippon India Mutual Fund,,INF204K01XI3,Equity Scheme - Large Cap Fund,118632,Nippon Large Cap,Open Ended Schemes,20-05-2021,44.78480
Nippon Large Cap,118632,Nippon India Mutual Fund,,INF204K01XI3,Equity Scheme - Large Cap Fund,118632,Nippon Large Cap,Open Ended Schemes,19-05-2021,45.09590
Nippon Large Cap,118632,Nippon India Mutual Fund,,INF204K01XI3,Equity Scheme - Large Cap Fund,118632,Nippon Large Cap,Open Ended Schemes,18-05-2021,45.17870
Nippon Large Cap,118632,Nippon India Mutual Fund,,INF204K01XI3,Equity Scheme - Large Cap Fund,118632,Nippon Large Cap,Open Ended Schemes,17-05-2021,44.77970
Nippon Large Cap,118632,Nippon India Mutual Fund,,INF204K01XI3,Equity Scheme - Large Cap Fund,118632,Nippon Large Cap,Open Ended Schemes,14-05-2021,44.06480
Nippon Large Cap,118632,Nippon India Mutual Fund,,INF204K01XI3,Equity Scheme - Large Cap Fund,118632,Nippon Large Cap,Open Ended Schemes,12-05-2021,44.30890
Nippon Large Cap,118632,Nippon India Mutual Fund,,INF204K01XI3,Equity Scheme - Large Cap Fund,118632,Nippon Large Cap,Open Ended Schemes,11-05-2021,44.67150
Nippon Large Cap,118632,Nippon India Mutual Fund,,INF204K01XI3,Equity Scheme - Large Cap Fund,118632,Nippon Large Cap,Open Ended Schemes,10-05-2021,44.63950
Nippon Large Cap,118632,Nippon India Mutual Fund,,INF204K01XI3,Equity Scheme - Large Cap Fund,118632,Nippon Large Cap,Open Ended Schemes,07-05-2021,44.21390
Nippon Large Cap,118632,Nippon India Mutual Fund,,INF204K01XI3,Equity Scheme - Large Cap Fund,118632,Nippon Large Cap,Open Ended Schemes,06-05-2021,43.84580
Nippon Large Cap,118632,Nippon India Mutual Fund,,INF204K01XI3,Equity Scheme - Large Cap Fund,118632,Nippon Large Cap,Open Ended Schemes,05-05-2021,43.56660
Nippon Large Cap,118632,Nippon India Mutual Fund,,INF204K01XI3,Equity Scheme - Large Cap Fund,118632,Nippon Large Cap,Open Ended Schemes,04-05-2021,43.16540
Nippon Large Cap,118632,Nippon India Mutual Fund,,INF204K01XI3,Equity Scheme - Large Cap Fund,118632,Nippon Large Cap,Open Ended Schemes,03-05-2021,43.50250
Nippon Large Cap,118632,Nippon India Mutual Fund,,INF204K01XI3,Equity Scheme - Large Cap Fund,118632,Nippon Large Cap,Open Ended Schemes,30-04-2021,43.37000
Nippon Large Cap,118632,Nippon India Mutual Fund,,INF204K01XI3,Equity Scheme - Large Cap Fund,118632,Nippon Large Cap,Open Ended Schemes,29-04-2021,43.88010
Nippon Large Cap,118632,Nippon India Mutual Fund,,INF204K01XI3,Equity Scheme - Large Cap Fund,118632,Nippon Large Cap,Open Ended Schemes,28-04-2021,43.92910
Nippon Large Cap,118632,Nippon India Mutual Fund,,INF204K01XI3,Equity Scheme - Large Cap Fund,118632,Nippon Large Cap,Open Ended Schemes,27-04-2021,43.35060
Nippon Large Cap,118632,Nippon India Mutual Fund,,INF204K01XI3,Equity Scheme - Large Cap Fund,118632,Nippon Large Cap,Open Ended Schemes,26-04-2021,42.79730
Nippon Large Cap,118632,Nippon India Mutual Fund,,INF204K01XI3,Equity Scheme - Large Cap Fund,118632,Nippon Large Cap,Open Ended Schemes,23-04-2021,42.36590
Nippon Large Cap,118632,Nippon India Mutual Fund,,INF204K01XI3,Equity Scheme - Large Cap Fund,118632,Nippon Large Cap,Open Ended Schemes,22-04-2021,42.40380
Nippon Large Cap,118632,Nippon India Mutual Fund,,INF204K01XI3,Equity Scheme - Large Cap Fund,118632,Nippon Large Cap,Open Ended Schemes,20-04-2021,42.02530
Nippon Large Cap,118632,Nippon India Mutual Fund,,INF204K01XI3,Equity Scheme - Large Cap Fund,118632,Nippon Large Cap,Open Ended Schemes,19-04-2021,42.08380
Nippon Large Cap,118632,Nippon India Mutual Fund,,INF204K01XI3,Equity Scheme - Large Cap Fund,118632,Nippon Large Cap,Open Ended Schemes,16-04-2021,42.88010
Nippon Large Cap,118632,Nippon India Mutual Fund,,INF204K01XI3,Equity Scheme - Large Cap Fund,118632,Nippon Large Cap,Open Ended Schemes,15-04-2021,42.75980
Nippon Large Cap,118632,Nippon India Mutual Fund,,INF204K01XI3,Equity Scheme - Large Cap Fund,118632,Nippon Large Cap,Open Ended Schemes,13-04-2021,42.59520
Nippon Large Cap,118632,Nippon India Mutual Fund,,INF204K01XI3,Equity Scheme - Large Cap Fund,118632,Nippon Large Cap,Open Ended Schemes,12-04-2021,41.98810
Nippon Large Cap,118632,Nippon India Mutual Fund,,INF204K01XI3,Equity Scheme - Large Cap Fund,118632,Nippon Large Cap,Open Ended Schemes,09-04-2021,43.85310
Nippon Large Cap,118632,Nippon India Mutual Fund,,INF204K01XI3,Equity Scheme - Large Cap Fund,118632,Nippon Large Cap,Open Ended Schemes,08-04-2021,44.00460
Nippon Large Cap,118632,Nippon India Mutual Fund,,INF204K01XI3,Equity Scheme - Large Cap Fund,118632,Nippon Large Cap,Open Ended Schemes,07-04-2021,43.97860
Nippon Large Cap,118632,Nippon India Mutual Fund,,INF204K01XI3,Equity Scheme - Large Cap Fund,118632,Nippon Large Cap,Open Ended Schemes,06-04-2021,43.57470
Nippon Large Cap,118632,Nippon India Mutual Fund,,INF204K01XI3,Equity Scheme - Large Cap Fund,118632,Nippon Large Cap,Open Ended Schemes,05-04-2021,43.51120
Nippon Large Cap,118632,Nippon India Mutual Fund,,INF204K01XI3,Equity Scheme - Large Cap Fund,118632,Nippon Large Cap,Open Ended Schemes,01-04-2021,44.23700
Nippon Large Cap,118632,Nippon India Mutual Fund,,INF204K01XI3,Equity Scheme - Large Cap Fund,118632,Nippon Large Cap,Open Ended Schemes,31-03-2021,43.58070
Nippon Large Cap,118632,Nippon India Mutual Fund,,INF204K01XI3,Equity Scheme - Large Cap Fund,118632,Nippon Large Cap,Open Ended Schemes,30-03-2021,43.77820
Nippon Large Cap,118632,Nippon India Mutual Fund,,INF204K01XI3,Equity Scheme - Large Cap Fund,118632,Nippon Large Cap,Open Ended Schemes,26-03-2021,42.99670
Nippon Large Cap,118632,Nippon India Mutual Fund,,INF204K01XI3,Equity Scheme - Large Cap Fund,118632,Nippon Large Cap,Open Ended Schemes,25-03-2021,42.39030
Nippon Large Cap,118632,Nippon India Mutual Fund,,INF204K01XI3,Equity Scheme - Large Cap Fund,118632,Nippon Large Cap,Open Ended Schemes,24-03-2021,43.00840
Nippon Large Cap,118632,Nippon India Mutual Fund,,INF204K01XI3,Equity Scheme - Large Cap Fund,118632,Nippon Large Cap,Open Ended Schemes,23-03-2021,43.94310
Nippon Large Cap,118632,Nippon India Mutual Fund,,INF204K01XI3,Equity Scheme - Large Cap Fund,118632,Nippon Large Cap,Open Ended Schemes,22-03-2021,43.79080
Nippon Large Cap,118632,Nippon India Mutual Fund,,INF204K01XI3,Equity Scheme - Large Cap Fund,118632,Nippon Large Cap,Open Ended Schemes,19-03-2021,43.76290
Nippon Large Cap,118632,Nippon India Mutual Fund,,INF204K01XI3,Equity Scheme - Large Cap Fund,118632,Nippon Large Cap,Open Ended Schemes,18-03-2021,43.28200
Nippon Large Cap,118632,Nippon India Mutual Fund,,INF204K01XI3,Equity Scheme - Large Cap Fund,118632,Nippon Large Cap,Open Ended Schemes,17-03-2021,43.87600
Nippon Large Cap,118632,Nippon India Mutual Fund,,INF204K01XI3,Equity Scheme - Large Cap Fund,118632,Nippon Large Cap,Open Ended Schemes,16-03-2021,44.68180
Nippon Large Cap,118632,Nippon India Mutual Fund,,INF204K01XI3,Equity Scheme - Large Cap Fund,118632,Nippon Large Cap,Open Ended Schemes,15-03-2021,44.79140
Nippon Large Cap,118632,Nippon India Mutual Fund,,INF204K01XI3,Equity Scheme - Large Cap Fund,118632,Nippon Large Cap,Open Ended Schemes,12-03-2021,44.99610
Nippon Large Cap,118632,Nippon India Mutual Fund,,INF204K01XI3,Equity Scheme - Large Cap Fund,118632,Nippon Large Cap,Open Ended Schemes,10-03-2021,45.42370
Nippon Large Cap,118632,Nippon India Mutual Fund,,INF204K01XI3,Equity Scheme - Large Cap Fund,118632,Nippon Large Cap,Open Ended Schemes,09-03-2021,45.19290
Nippon Large Cap,118632,Nippon India Mutual Fund,,INF204K01XI3,Equity Scheme - Large Cap Fund,118632,Nippon Large Cap,Open Ended Schemes,08-03-2021,45.25910
Nippon Large Cap,118632,Nippon India Mutual Fund,,INF204K01XI3,Equity Scheme - Large Cap Fund,118632,Nippon Large Cap,Open Ended Schemes,05-03-2021,44.85320
Nippon Large Cap,118632,Nippon India Mutual Fund,,INF204K01XI3,Equity Scheme - Large Cap Fund,118632,Nippon Large Cap,Open Ended Schemes,04-03-2021,45.56400
Nippon Large Cap,118632,Nippon India Mutual Fund,,INF204K01XI3,Equity Scheme - Large Cap Fund,118632,Nippon Large Cap,Open Ended Schemes,03-03-2021,46.00630
Nippon Large Cap,118632,Nippon India Mutual Fund,,INF204K01XI3,Equity Scheme - Large Cap Fund,118632,Nippon Large Cap,Open Ended Schemes,02-03-2021,45.13080
Nippon Large Cap,118632,Nippon India Mutual Fund,,INF204K01XI3,Equity Scheme - Large Cap Fund,118632,Nippon Large Cap,Open Ended Schemes,01-03-2021,44.63620
Nippon Large Cap,118632,Nippon India Mutual Fund,,INF204K01XI3,Equity Scheme - Large Cap Fund,118632,Nippon Large Cap,Open Ended Schemes,26-02-2021,44.11920
Nippon Large Cap,118632,Nippon India Mutual Fund,,INF204K01XI3,Equity Scheme - Large Cap Fund,118632,Nippon Large Cap,Open Ended Schemes,25-02-2021,45.47130
Nippon Large Cap,118632,Nippon India Mutual Fund,,INF204K01XI3,Equity Scheme - Large Cap Fund,118632,Nippon Large Cap,Open Ended Schemes,24-02-2021,44.91250
Nippon Large Cap,118632,Nippon India Mutual Fund,,INF204K01XI3,Equity Scheme - Large Cap Fund,118632,Nippon Large Cap,Open Ended Schemes,23-02-2021,44.06710
Nippon Large Cap,118632,Nippon India Mutual Fund,,INF204K01XI3,Equity Scheme - Large Cap Fund,118632,Nippon Large Cap,Open Ended Schemes,22-02-2021,43.74220
Nippon Large Cap,118632,Nippon India Mutual Fund,,INF204K01XI3,Equity Scheme - Large Cap Fund,118632,Nippon Large Cap,Open Ended Schemes,19-02-2021,44.61580
Nippon Large Cap,118632,Nippon India Mutual Fund,,INF204K01XI3,Equity Scheme - Large Cap Fund,118632,Nippon Large Cap,Open Ended Schemes,18-02-2021,45.25450
Nippon Large Cap,118632,Nippon India Mutual Fund,,INF204K01XI3,Equity Scheme - Large Cap Fund,118632,Nippon Large Cap,Open Ended Schemes,17-02-2021,45.15520
Nippon Large Cap,118632,Nippon India Mutual Fund,,INF204K01XI3,Equity Scheme - Large Cap Fund,118632,Nippon Large Cap,Open Ended Schemes,16-02-2021,45.07360
Nippon Large Cap,118632,Nippon India Mutual Fund,,INF204K01XI3,Equity Scheme - Large Cap Fund,118632,Nippon Large Cap,Open Ended Schemes,15-02-2021,45.13940
Nippon Large Cap,118632,Nippon India Mutual Fund,,INF204K01XI3,Equity Scheme - Large Cap Fund,118632,Nippon Large Cap,Open Ended Schemes,12-02-2021,44.62080
Nippon Large Cap,118632,Nippon India Mutual Fund,,INF204K01XI3,Equity Scheme - Large Cap Fund,118632,Nippon Large Cap,Open Ended Schemes,11-02-2021,44.71290
Nippon Large Cap,118632,Nippon India Mutual Fund,,INF204K01XI3,Equity Scheme - Large Cap Fund,118632,Nippon Large Cap,Open Ended Schemes,10-02-2021,44.50490
Nippon Large Cap,118632,Nippon India Mutual Fund,,INF204K01XI3,Equity Scheme - Large Cap Fund,118632,Nippon Large Cap,Open Ended Schemes,09-02-2021,44.59080
Nippon Large Cap,118632,Nippon India Mutual Fund,,INF204K01XI3,Equity Scheme - Large Cap Fund,118632,Nippon Large Cap,Open Ended Schemes,08-02-2021,44.60870
Nippon Large Cap,118632,Nippon India Mutual Fund,,INF204K01XI3,Equity Scheme - Large Cap Fund,118632,Nippon Large Cap,Open Ended Schemes,05-02-2021,44.01170
Nippon Large Cap,118632,Nippon India Mutual Fund,,INF204K01XI3,Equity Scheme - Large Cap Fund,118632,Nippon Large Cap,Open Ended Schemes,04-02-2021,43.74960
Nippon Large Cap,118632,Nippon India Mutual Fund,,INF204K01XI3,Equity Scheme - Large Cap Fund,118632,Nippon Large Cap,Open Ended Schemes,03-02-2021,43.32420
Nippon Large Cap,118632,Nippon India Mutual Fund,,INF204K01XI3,Equity Scheme - Large Cap Fund,118632,Nippon Large Cap,Open Ended Schemes,02-02-2021,42.85960
Nippon Large Cap,118632,Nippon India Mutual Fund,,INF204K01XI3,Equity Scheme - Large Cap Fund,118632,Nippon Large Cap,Open Ended Schemes,01-02-2021,41.81570
Nippon Large Cap,118632,Nippon India Mutual Fund,,INF204K01XI3,Equity Scheme - Large Cap Fund,118632,Nippon Large Cap,Open Ended Schemes,29-01-2021,39.92850
Nippon Large Cap,118632,Nippon India Mutual Fund,,INF204K01XI3,Equity Scheme - Large Cap Fund,118632,Nippon Large Cap,Open Ended Schemes,28-01-2021,40.30960
Nippon Large Cap,118632,Nippon India Mutual Fund,,INF204K01XI3,Equity Scheme - Large Cap Fund,118632,Nippon Large Cap,Open Ended Schemes,27-01-2021,40.52520
Nippon Large Cap,118632,Nippon India Mutual Fund,,INF204K01XI3,Equity Scheme - Large Cap Fund,118632,Nippon Large Cap,Open Ended Schemes,25-01-2021,41.30690
Nippon Large Cap,118632,Nippon India Mutual Fund,,INF204K01XI3,Equity Scheme - Large Cap Fund,118632,Nippon Large Cap,Open Ended Schemes,22-01-2021,41.77350
Nippon Large Cap,118632,Nippon India Mutual Fund,,INF204K01XI3,Equity Scheme - Large Cap Fund,118632,Nippon Large Cap,Open Ended Schemes,21-01-2021,42.36830
Nippon Large Cap,118632,Nippon India Mutual Fund,,INF204K01XI3,Equity Scheme - Large Cap Fund,118632,Nippon Large Cap,Open Ended Schemes,20-01-2021,42.69890
Nippon Large Cap,118632,Nippon India Mutual Fund,,INF204K01XI3,Equity Scheme - Large Cap Fund,118632,Nippon Large Cap,Open Ended Schemes,19-01-2021,42.35290
Nippon Large Cap,118632,Nippon India Mutual Fund,,INF204K01XI3,Equity Scheme - Large Cap Fund,118632,Nippon Large Cap,Open Ended Schemes,18-01-2021,41.76730
Nippon Large Cap,118632,Nippon India Mutual Fund,,INF204K01XI3,Equity Scheme - Large Cap Fund,118632,Nippon Large Cap,Open Ended Schemes,15-01-2021,42.32890
Nippon Large Cap,118632,Nippon India Mutual Fund,,INF204K01XI3,Equity Scheme - Large Cap Fund,118632,Nippon Large Cap,Open Ended Schemes,14-01-2021,42.74690
Nippon Large Cap,118632,Nippon India Mutual Fund,,INF204K01XI3,Equity Scheme - Large Cap Fund,118632,Nippon Large Cap,Open Ended Schemes,13-01-2021,42.68920
Nippon Large Cap,118632,Nippon India Mutual Fund,,INF204K01XI3,Equity Scheme - Large Cap Fund,118632,Nippon Large Cap,Open Ended Schemes,12-01-2021,42.35270
Nippon Large Cap,118632,Nippon India Mutual Fund,,INF204K01XI3,Equity Scheme - Large Cap Fund,118632,Nippon Large Cap,Open Ended Schemes,11-01-2021,41.96570
Nippon Large Cap,118632,Nippon India Mutual Fund,,INF204K01XI3,Equity Scheme - Large Cap Fund,118632,Nippon Large Cap,Open Ended Schemes,08-01-2021,41.64880
Nippon Large Cap,118632,Nippon India Mutual Fund,,INF204K01XI3,Equity Scheme - Large Cap Fund,118632,Nippon Large Cap,Open Ended Schemes,07-01-2021,41.25610
Nippon Large Cap,118632,Nippon India Mutual Fund,,INF204K01XI3,Equity Scheme - Large Cap Fund,118632,Nippon Large Cap,Open Ended Schemes,06-01-2021,41.05220
Nippon Large Cap,118632,Nippon India Mutual Fund,,INF204K01XI3,Equity Scheme - Large Cap Fund,118632,Nippon Large Cap,Open Ended Schemes,05-01-2021,41.09100
Nippon Large Cap,118632,Nippon India Mutual Fund,,INF204K01XI3,Equity Scheme - Large Cap Fund,118632,Nippon Large Cap,Open Ended Schemes,04-01-2021,40.98280
Nippon Large Cap,118632,Nippon India Mutual Fund,,INF204K01XI3,Equity Scheme - Large Cap Fund,118632,Nippon Large Cap,Open Ended Schemes,01-01-2021,40.40050
Nippon Large Cap,118632,Nippon India Mutual Fund,,INF204K01XI3,Equity Scheme - Large Cap Fund,118632,Nippon Large Cap,Open Ended Schemes,31-12-2020,40.18110
Nippon Large Cap,118632,Nippon India Mutual Fund,,INF204K01XI3,Equity Scheme - Large Cap Fund,118632,Nippon Large Cap,Open Ended Schemes,30-12-2020,40.14100
Nippon Large Cap,118632,Nippon India Mutual Fund,,INF204K01XI3,Equity Scheme - Large Cap Fund,118632,Nippon Large Cap,Open Ended Schemes,29-12-2020,40.09640
Nippon Large Cap,118632,Nippon India Mutual Fund,,INF204K01XI3,Equity Scheme - Large Cap Fund,118632,Nippon Large Cap,Open Ended Schemes,28-12-2020,39.95540
Nippon Large Cap,118632,Nippon India Mutual Fund,,INF204K01XI3,Equity Scheme - Large Cap Fund,118632,Nippon Large Cap,Open Ended Schemes,24-12-2020,39.64890
Nippon Large Cap,118632,Nippon India Mutual Fund,,INF204K01XI3,Equity Scheme - Large Cap Fund,118632,Nippon Large Cap,Open Ended Schemes,23-12-2020,39.19410
Nippon Large Cap,118632,Nippon India Mutual Fund,,INF204K01XI3,Equity Scheme - Large Cap Fund,118632,Nippon Large Cap,Open Ended Schemes,22-12-2020,38.52900
Nippon Large Cap,118632,Nippon India Mutual Fund,,INF204K01XI3,Equity Scheme - Large Cap Fund,118632,Nippon Large Cap,Open Ended Schemes,21-12-2020,38.07940
Nippon Large Cap,118632,Nippon India Mutual Fund,,INF204K01XI3,Equity Scheme - Large Cap Fund,118632,Nippon Large Cap,Open Ended Schemes,18-12-2020,39.69810
Nippon Large Cap,118632,Nippon India Mutual Fund,,INF204K01XI3,Equity Scheme - Large Cap Fund,118632,Nippon Large Cap,Open Ended Schemes,17-12-2020,39.61270
Nippon Large Cap,118632,Nippon India Mutual Fund,,INF204K01XI3,Equity Scheme - Large Cap Fund,118632,Nippon Large Cap,Open Ended Schemes,16-12-2020,39.56490
Nippon Large Cap,118632,Nippon India Mutual Fund,,INF204K01XI3,Equity Scheme - Large Cap Fund,118632,Nippon Large Cap,Open Ended Schemes,15-12-2020,39.24380
Nippon Large Cap,118632,Nippon India Mutual Fund,,INF204K01XI3,Equity Scheme - Large Cap Fund,118632,Nippon Large Cap,Open Ended Schemes,14-12-2020,39.33810
Nippon Large Cap,118632,Nippon India Mutual Fund,,INF204K01XI3,Equity Scheme - Large Cap Fund,118632,Nippon Large Cap,Open Ended Schemes,11-12-2020,39.04730
Nippon Large Cap,118632,Nippon India Mutual Fund,,INF204K01XI3,Equity Scheme - Large Cap Fund,118632,Nippon Large Cap,Open Ended Schemes,10-12-2020,38.86460
Nippon Large Cap,118632,Nippon India Mutual Fund,,INF204K01XI3,Equity Scheme - Large Cap Fund,118632,Nippon Large Cap,Open Ended Schemes,09-12-2020,39.04370
Nippon Large Cap,118632,Nippon India Mutual Fund,,INF204K01XI3,Equity Scheme - Large Cap Fund,118632,Nippon Large Cap,Open Ended Schemes,08-12-2020,38.79010
Nippon Large Cap,118632,Nippon India Mutual Fund,,INF204K01XI3,Equity Scheme - Large Cap Fund,118632,Nippon Large Cap,Open Ended Schemes,07-12-2020,38.75750
Nippon Large Cap,118632,Nippon India Mutual Fund,,INF204K01XI3,Equity Scheme - Large Cap Fund,118632,Nippon Large Cap,Open Ended Schemes,04-12-2020,38.24500
Nippon Large Cap,118632,Nippon India Mutual Fund,,INF204K01XI3,Equity Scheme - Large Cap Fund,118632,Nippon Large Cap,Open Ended Schemes,03-12-2020,37.82100
Nippon Large Cap,118632,Nippon India Mutual Fund,,INF204K01XI3,Equity Scheme - Large Cap Fund,118632,Nippon Large Cap,Open Ended Schemes,02-12-2020,37.54320
Nippon Large Cap,118632,Nippon India Mutual Fund,,INF204K01XI3,Equity Scheme - Large Cap Fund,118632,Nippon Large Cap,Open Ended Schemes,01-12-2020,37.30950
Nippon Large Cap,118632,Nippon India Mutual Fund,,INF204K01XI3,Equity Scheme - Large Cap Fund,118632,Nippon Large Cap,Open Ended Schemes,27-11-2020,36.78740
Nippon Large Cap,118632,Nippon India Mutual Fund,,INF204K01XI3,Equity Scheme - Large Cap Fund,118632,Nippon Large Cap,Open Ended Schemes,26-11-2020,36.82860
Nippon Large Cap,118632,Nippon India Mutual Fund,,INF204K01XI3,Equity Scheme - Large Cap Fund,118632,Nippon Large Cap,Open Ended Schemes,25-11-2020,36.39330
Nippon Large Cap,118632,Nippon India Mutual Fund,,INF204K01XI3,Equity Scheme - Large Cap Fund,118632,Nippon Large Cap,Open Ended Schemes,24-11-2020,36.91570
Nippon Large Cap,118632,Nippon India Mutual Fund,,INF204K01XI3,Equity Scheme - Large Cap Fund,118632,Nippon Large Cap,Open Ended Schemes,23-11-2020,36.58890
Nippon Large Cap,118632,Nippon India Mutual Fund,,INF204K01XI3,Equity Scheme - Large Cap Fund,118632,Nippon Large Cap,Open Ended Schemes,20-11-2020,36.52210
Nippon Large Cap,118632,Nippon India Mutual Fund,,INF204K01XI3,Equity Scheme - Large Cap Fund,118632,Nippon Large Cap,Open Ended Schemes,19-11-2020,36.35040
Nippon Large Cap,118632,Nippon India Mutual Fund,,INF204K01XI3,Equity Scheme - Large Cap Fund,118632,Nippon Large Cap,Open Ended Schemes,18-11-2020,36.82770
Nippon Large Cap,118632,Nippon India Mutual Fund,,INF204K01XI3,Equity Scheme - Large Cap Fund,118632,Nippon Large Cap,Open Ended Schemes,17-11-2020,36.57810
Nippon Large Cap,118632,Nippon India Mutual Fund,,INF204K01XI3,Equity Scheme - Large Cap Fund,118632,Nippon Large Cap,Open Ended Schemes,13-11-2020,35.91690
Nippon Large Cap,118632,Nippon India Mutual Fund,,INF204K01XI3,Equity Scheme - Large Cap Fund,118632,Nippon Large Cap,Open Ended Schemes,12-11-2020,35.78950
Nippon Large Cap,118632,Nippon India Mutual Fund,,INF204K01XI3,Equity Scheme - Large Cap Fund,118632,Nippon Large Cap,Open Ended Schemes,11-11-2020,35.94280
Nippon Large Cap,118632,Nippon India Mutual Fund,,INF204K01XI3,Equity Scheme - Large Cap Fund,118632,Nippon Large Cap,Open Ended Schemes,10-11-2020,35.53660
Nippon Large Cap,118632,Nippon India Mutual Fund,,INF204K01XI3,Equity Scheme - Large Cap Fund,118632,Nippon Large Cap,Open Ended Schemes,09-11-2020,34.97660
Nippon Large Cap,118632,Nippon India Mutual Fund,,INF204K01XI3,Equity Scheme - Large Cap Fund,118632,Nippon Large Cap,Open Ended Schemes,06-11-2020,34.34190
Nippon Large Cap,118632,Nippon India Mutual Fund,,INF204K01XI3,Equity Scheme - Large Cap Fund,118632,Nippon Large Cap,Open Ended Schemes,05-11-2020,34.06200
Nippon Large Cap,118632,Nippon India Mutual Fund,,INF204K01XI3,Equity Scheme - Large Cap Fund,118632,Nippon Large Cap,Open Ended Schemes,04-11-2020,33.34290
Nippon Large Cap,118632,Nippon India Mutual Fund,,INF204K01XI3,Equity Scheme - Large Cap Fund,118632,Nippon Large Cap,Open Ended Schemes,03-11-2020,33.15250
Nippon Large Cap,118632,Nippon India Mutual Fund,,INF204K01XI3,Equity Scheme - Large Cap Fund,118632,Nippon Large Cap,Open Ended Schemes,02-11-2020,32.78070
Nippon Large Cap,118632,Nippon India Mutual Fund,,INF204K01XI3,Equity Scheme - Large Cap Fund,118632,Nippon Large Cap,Open Ended Schemes,30-10-2020,32.47780
Nippon Large Cap,118632,Nippon India Mutual Fund,,INF204K01XI3,Equity Scheme - Large Cap Fund,118632,Nippon Large Cap,Open Ended Schemes,29-10-2020,32.50790
Nippon Large Cap,118632,Nippon India Mutual Fund,,INF204K01XI3,Equity Scheme - Large Cap Fund,118632,Nippon Large Cap,Open Ended Schemes,28-10-2020,32.72270
Nippon Large Cap,118632,Nippon India Mutual Fund,,INF204K01XI3,Equity Scheme - Large Cap Fund,118632,Nippon Large Cap,Open Ended Schemes,27-10-2020,33.11390
Nippon Large Cap,118632,Nippon India Mutual Fund,,INF204K01XI3,Equity Scheme - Large Cap Fund,118632,Nippon Large Cap,Open Ended Schemes,26-10-2020,32.97270
Nippon Large Cap,118632,Nippon India Mutual Fund,,INF204K01XI3,Equity Scheme - Large Cap Fund,118632,Nippon Large Cap,Open Ended Schemes,23-10-2020,33.58480
Nippon Large Cap,118632,Nippon India Mutual Fund,,INF204K01XI3,Equity Scheme - Large Cap Fund,118632,Nippon Large Cap,Open Ended Schemes,22-10-2020,33.35290
Nippon Large Cap,118632,Nippon India Mutual Fund,,INF204K01XI3,Equity Scheme - Large Cap Fund,118632,Nippon Large Cap,Open Ended Schemes,21-10-2020,33.27680
Nippon Large Cap,118632,Nippon India Mutual Fund,,INF204K01XI3,Equity Scheme - Large Cap Fund,118632,Nippon Large Cap,Open Ended Schemes,20-10-2020,33.00230
Nippon Large Cap,118632,Nippon India Mutual Fund,,INF204K01XI3,Equity Scheme - Large Cap Fund,118632,Nippon Large Cap,Open Ended Schemes,19-10-2020,32.94380
Nippon Large Cap,118632,Nippon India Mutual Fund,,INF204K01XI3,Equity Scheme - Large Cap Fund,118632,Nippon Large Cap,Open Ended Schemes,16-10-2020,32.52030
Nippon Large Cap,118632,Nippon India Mutual Fund,,INF204K01XI3,Equity Scheme - Large Cap Fund,118632,Nippon Large Cap,Open Ended Schemes,15-10-2020,32.16320
Nippon Large Cap,118632,Nippon India Mutual Fund,,INF204K01XI3,Equity Scheme - Large Cap Fund,118632,Nippon Large Cap,Open Ended Schemes,14-10-2020,32.93800
Nippon Large Cap,118632,Nippon India Mutual Fund,,INF204K01XI3,Equity Scheme - Large Cap Fund,118632,Nippon Large Cap,Open Ended Schemes,13-10-2020,32.90970
Nippon Large Cap,118632,Nippon India Mutual Fund,,INF204K01XI3,Equity Scheme - Large Cap Fund,118632,Nippon Large Cap,Open Ended Schemes,12-10-2020,32.97110
Nippon Large Cap,118632,Nippon India Mutual Fund,,INF204K01XI3,Equity Scheme - Large Cap Fund,118632,Nippon Large Cap,Open Ended Schemes,09-10-2020,33.03170
Nippon Large Cap,118632,Nippon India Mutual Fund,,INF204K01XI3,Equity Scheme - Large Cap Fund,118632,Nippon Large Cap,Open Ended Schemes,08-10-2020,32.71540
Nippon Large Cap,118632,Nippon India Mutual Fund,,INF204K01XI3,Equity Scheme - Large Cap Fund,118632,Nippon Large Cap,Open Ended Schemes,07-10-2020,32.58330
Nippon Large Cap,118632,Nippon India Mutual Fund,,INF204K01XI3,Equity Scheme - Large Cap Fund,118632,Nippon Large Cap,Open Ended Schemes,06-10-2020,32.60010
Nippon Large Cap,118632,Nippon India Mutual Fund,,INF204K01XI3,Equity Scheme - Large Cap Fund,118632,Nippon Large Cap,Open Ended Schemes,05-10-2020,32.39620
Nippon Large Cap,118632,Nippon India Mutual Fund,,INF204K01XI3,Equity Scheme - Large Cap Fund,118632,Nippon Large Cap,Open Ended Schemes,01-10-2020,32.13940
Nippon Large Cap,118632,Nippon India Mutual Fund,,INF204K01XI3,Equity Scheme - Large Cap Fund,118632,Nippon Large Cap,Open Ended Schemes,30-09-2020,31.70450
Nippon Large Cap,118632,Nippon India Mutual Fund,,INF204K01XI3,Equity Scheme - Large Cap Fund,118632,Nippon Large Cap,Open Ended Schemes,29-09-2020,31.86950
Nippon Large Cap,118632,Nippon India Mutual Fund,,INF204K01XI3,Equity Scheme - Large Cap Fund,118632,Nippon Large Cap,Open Ended Schemes,28-09-2020,32.12130
Nippon Large Cap,118632,Nippon India Mutual Fund,,INF204K01XI3,Equity Scheme - Large Cap Fund,118632,Nippon Large Cap,Open Ended Schemes,25-09-2020,31.50770
Nippon Large Cap,118632,Nippon India Mutual Fund,,INF204K01XI3,Equity Scheme - Large Cap Fund,118632,Nippon Large Cap,Open Ended Schemes,24-09-2020,30.66270
Nippon Large Cap,118632,Nippon India Mutual Fund,,INF204K01XI3,Equity Scheme - Large Cap Fund,118632,Nippon Large Cap,Open Ended Schemes,23-09-2020,31.68720
Nippon Large Cap,118632,Nippon India Mutual Fund,,INF204K01XI3,Equity Scheme - Large Cap Fund,118632,Nippon Large Cap,Open Ended Schemes,22-09-2020,31.99120
Nippon Large Cap,118632,Nippon India Mutual Fund,,INF204K01XI3,Equity Scheme - Large Cap Fund,118632,Nippon Large Cap,Open Ended Schemes,21-09-2020,32.20260
Nippon Large Cap,118632,Nippon India Mutual Fund,,INF204K01XI3,Equity Scheme - Large Cap Fund,118632,Nippon Large Cap,Open Ended Schemes,18-09-2020,33.19580
Nippon Large Cap,118632,Nippon India Mutual Fund,,INF204K01XI3,Equity Scheme - Large Cap Fund,118632,Nippon Large Cap,Open Ended Schemes,17-09-2020,33.21610
Nippon Large Cap,118632,Nippon India Mutual Fund,,INF204K01XI3,Equity Scheme - Large Cap Fund,118632,Nippon Large Cap,Open Ended Schemes,16-09-2020,33.49090
Nippon Large Cap,118632,Nippon India Mutual Fund,,INF204K01XI3,Equity Scheme - Large Cap Fund,118632,Nippon Large Cap,Open Ended Schemes,15-09-2020,33.40690
Nippon Large Cap,118632,Nippon India Mutual Fund,,INF204K01XI3,Equity Scheme - Large Cap Fund,118632,Nippon Large Cap,Open Ended Schemes,14-09-2020,33.13600
Nippon Large Cap,118632,Nippon India Mutual Fund,,INF204K01XI3,Equity Scheme - Large Cap Fund,118632,Nippon Large Cap,Open Ended Schemes,11-09-2020,32.96390
Nippon Large Cap,118632,Nippon India Mutual Fund,,INF204K01XI3,Equity Scheme - Large Cap Fund,118632,Nippon Large Cap,Open Ended Schemes,10-09-2020,32.93230
Nippon Large Cap,118632,Nippon India Mutual Fund,,INF204K01XI3,Equity Scheme - Large Cap Fund,118632,Nippon Large Cap,Open Ended Schemes,09-09-2020,32.53430
Nippon Large Cap,118632,Nippon India Mutual Fund,,INF204K01XI3,Equity Scheme - Large Cap Fund,118632,Nippon Large Cap,Open Ended Schemes,08-09-2020,32.82040
Nippon Large Cap,118632,Nippon India Mutual Fund,,INF204K01XI3,Equity Scheme - Large Cap Fund,118632,Nippon Large Cap,Open Ended Schemes,07-09-2020,33.21360
Nippon Large Cap,118632,Nippon India Mutual Fund,,INF204K01XI3,Equity Scheme - Large Cap Fund,118632,Nippon Large Cap,Open Ended Schemes,04-09-2020,33.20800
Nippon Large Cap,118632,Nippon India Mutual Fund,,INF204K01XI3,Equity Scheme - Large Cap Fund,118632,Nippon Large Cap,Open Ended Schemes,03-09-2020,33.97050
Nippon Large Cap,118632,Nippon India Mutual Fund,,INF204K01XI3,Equity Scheme - Large Cap Fund,118632,Nippon Large Cap,Open Ended Schemes,02-09-2020,34.09840
Nippon Large Cap,118632,Nippon India Mutual Fund,,INF204K01XI3,Equity Scheme - Large Cap Fund,118632,Nippon Large Cap,Open Ended Schemes,01-09-2020,33.84740
Nippon Large Cap,118632,Nippon India Mutual Fund,,INF204K01XI3,Equity Scheme - Large Cap Fund,118632,Nippon Large Cap,Open Ended Schemes,31-08-2020,33.61710
Nippon Large Cap,118632,Nippon India Mutual Fund,,INF204K01XI3,Equity Scheme - Large Cap Fund,118632,Nippon Large Cap,Open Ended Schemes,28-08-2020,34.68850
Nippon Large Cap,118632,Nippon India Mutual Fund,,INF204K01XI3,Equity Scheme - Large Cap Fund,118632,Nippon Large Cap,Open Ended Schemes,27-08-2020,34.31180
Nippon Large Cap,118632,Nippon India Mutual Fund,,INF204K01XI3,Equity Scheme - Large Cap Fund,118632,Nippon Large Cap,Open Ended Schemes,26-08-2020,34.22360
Nippon Large Cap,118632,Nippon India Mutual Fund,,INF204K01XI3,Equity Scheme - Large Cap Fund,118632,Nippon Large Cap,Open Ended Schemes,25-08-2020,34.05930
Nippon Large Cap,118632,Nippon India Mutual Fund,,INF204K01XI3,Equity Scheme - Large Cap Fund,118632,Nippon Large Cap,Open Ended Schemes,24-08-2020,33.93320
Nippon Large Cap,118632,Nippon India Mutual Fund,,INF204K01XI3,Equity Scheme - Large Cap Fund,118632,Nippon Large Cap,Open Ended Schemes,21-08-2020,33.75380
Nippon Large Cap,118632,Nippon India Mutual Fund,,INF204K01XI3,Equity Scheme - Large Cap Fund,118632,Nippon Large Cap,Open Ended Schemes,20-08-2020,33.49680
Nippon Large Cap,118632,Nippon India Mutual Fund,,INF204K01XI3,Equity Scheme - Large Cap Fund,118632,Nippon Large Cap,Open Ended Schemes,19-08-2020,33.42980
Nippon Large Cap,118632,Nippon India Mutual Fund,,INF204K01XI3,Equity Scheme - Large Cap Fund,118632,Nippon Large Cap,Open Ended Schemes,18-08-2020,33.26150
Nippon Large Cap,118632,Nippon India Mutual Fund,,INF204K01XI3,Equity Scheme - Large Cap Fund,118632,Nippon Large Cap,Open Ended Schemes,17-08-2020,32.88130
Nippon Large Cap,118632,Nippon India Mutual Fund,,INF204K01XI3,Equity Scheme - Large Cap Fund,118632,Nippon Large Cap,Open Ended Schemes,14-08-2020,32.72960
Nippon Large Cap,118632,Nippon India Mutual Fund,,INF204K01XI3,Equity Scheme - Large Cap Fund,118632,Nippon Large Cap,Open Ended Schemes,13-08-2020,33.14840
Nippon Large Cap,118632,Nippon India Mutual Fund,,INF204K01XI3,Equity Scheme - Large Cap Fund,118632,Nippon Large Cap,Open Ended Schemes,12-08-2020,32.80530
Nippon Large Cap,118632,Nippon India Mutual Fund,,INF204K01XI3,Equity Scheme - Large Cap Fund,118632,Nippon Large Cap,Open Ended Schemes,11-08-2020,32.65730
Nippon Large Cap,118632,Nippon India Mutual Fund,,INF204K01XI3,Equity Scheme - Large Cap Fund,118632,Nippon Large Cap,Open Ended Schemes,10-08-2020,32.40450
Nippon Large Cap,118632,Nippon India Mutual Fund,,INF204K01XI3,Equity Scheme - Large Cap Fund,118632,Nippon Large Cap,Open Ended Schemes,07-08-2020,31.98810
Nippon Large Cap,118632,Nippon India Mutual Fund,,INF204K01XI3,Equity Scheme - Large Cap Fund,118632,Nippon Large Cap,Open Ended Schemes,06-08-2020,31.86810
Nippon Large Cap,118632,Nippon India Mutual Fund,,INF204K01XI3,Equity Scheme - Large Cap Fund,118632,Nippon Large Cap,Open Ended Schemes,05-08-2020,31.62110
Nippon Large Cap,118632,Nippon India Mutual Fund,,INF204K01XI3,Equity Scheme - Large Cap Fund,118632,Nippon Large Cap,Open Ended Schemes,04-08-2020,31.50380
Nippon Large Cap,118632,Nippon India Mutual Fund,,INF204K01XI3,Equity Scheme - Large Cap Fund,118632,Nippon Large Cap,Open Ended Schemes,03-08-2020,31.16440
Nippon Large Cap,118632,Nippon India Mutual Fund,,INF204K01XI3,Equity Scheme - Large Cap Fund,118632,Nippon Large Cap,Open Ended Schemes,31-07-2020,31.39420
Nippon Large Cap,118632,Nippon India Mutual Fund,,INF204K01XI3,Equity Scheme - Large Cap Fund,118632,Nippon Large Cap,Open Ended Schemes,30-07-2020,31.34840
Nippon Large Cap,118632,Nippon India Mutual Fund,,INF204K01XI3,Equity Scheme - Large Cap Fund,118632,Nippon Large Cap,Open Ended Schemes,29-07-2020,31.75870
Nippon Large Cap,118632,Nippon India Mutual Fund,,INF204K01XI3,Equity Scheme - Large Cap Fund,118632,Nippon Large Cap,Open Ended Schemes,28-07-2020,31.88040
Nippon Large Cap,118632,Nippon India Mutual Fund,,INF204K01XI3,Equity Scheme - Large Cap Fund,118632,Nippon Large Cap,Open Ended Schemes,27-07-2020,31.65410
Nippon Large Cap,118632,Nippon India Mutual Fund,,INF204K01XI3,Equity Scheme - Large Cap Fund,118632,Nippon Large Cap,Open Ended Schemes,24-07-2020,31.96810
Nippon Large Cap,118632,Nippon India Mutual Fund,,INF204K01XI3,Equity Scheme - Large Cap Fund,118632,Nippon Large Cap,Open Ended Schemes,23-07-2020,32.20360
Nippon Large Cap,118632,Nippon India Mutual Fund,,INF204K01XI3,Equity Scheme - Large Cap Fund,118632,Nippon Large Cap,Open Ended Schemes,22-07-2020,31.90280
Nippon Large Cap,118632,Nippon India Mutual Fund,,INF204K01XI3,Equity Scheme - Large Cap Fund,118632,Nippon Large Cap,Open Ended Schemes,21-07-2020,31.91740
Nippon Large Cap,118632,Nippon India Mutual Fund,,INF204K01XI3,Equity Scheme - Large Cap Fund,118632,Nippon Large Cap,Open Ended Schemes,20-07-2020,31.52680
Nippon Large Cap,118632,Nippon India Mutual Fund,,INF204K01XI3,Equity Scheme - Large Cap Fund,118632,Nippon Large Cap,Open Ended Schemes,17-07-2020,31.26840
Nippon Large Cap,118632,Nippon India Mutual Fund,,INF204K01XI3,Equity Scheme - Large Cap Fund,118632,Nippon Large Cap,Open Ended Schemes,16-07-2020,30.72450
Nippon Large Cap,118632,Nippon India Mutual Fund,,INF204K01XI3,Equity Scheme - Large Cap Fund,118632,Nippon Large Cap,Open Ended Schemes,15-07-2020,30.39270
Nippon Large Cap,118632,Nippon India Mutual Fund,,INF204K01XI3,Equity Scheme - Large Cap Fund,118632,Nippon Large Cap,Open Ended Schemes,14-07-2020,30.50090
Nippon Large Cap,118632,Nippon India Mutual Fund,,INF204K01XI3,Equity Scheme - Large Cap Fund,118632,Nippon Large Cap,Open Ended Schemes,13-07-2020,31.03470
Nippon Large Cap,118632,Nippon India Mutual Fund,,INF204K01XI3,Equity Scheme - Large Cap Fund,118632,Nippon Large Cap,Open Ended Schemes,10-07-2020,30.93710
Nippon Large Cap,118632,Nippon India Mutual Fund,,INF204K01XI3,Equity Scheme - Large Cap Fund,118632,Nippon Large Cap,Open Ended Schemes,09-07-2020,31.13140
Nippon Large Cap,118632,Nippon India Mutual Fund,,INF204K01XI3,Equity Scheme - Large Cap Fund,118632,Nippon Large Cap,Open Ended Schemes,08-07-2020,30.91030
Nippon Large Cap,118632,Nippon India Mutual Fund,,INF204K01XI3,Equity Scheme - Large Cap Fund,118632,Nippon Large Cap,Open Ended Schemes,07-07-2020,31.06310
Nippon Large Cap,118632,Nippon India Mutual Fund,,INF204K01XI3,Equity Scheme - Large Cap Fund,118632,Nippon Large Cap,Open Ended Schemes,06-07-2020,31.02980
Nippon Large Cap,118632,Nippon India Mutual Fund,,INF204K01XI3,Equity Scheme - Large Cap Fund,118632,Nippon Large Cap,Open Ended Schemes,03-07-2020,30.60660
Nippon Large Cap,118632,Nippon India Mutual Fund,,INF204K01XI3,Equity Scheme - Large Cap Fund,118632,Nippon Large Cap,Open Ended Schemes,02-07-2020,30.42170
Nippon Large Cap,118632,Nippon India Mutual Fund,,INF204K01XI3,Equity Scheme - Large Cap Fund,118632,Nippon Large Cap,Open Ended Schemes,01-07-2020,30.16760
Nippon Large Cap,118632,Nippon India Mutual Fund,,INF204K01XI3,Equity Scheme - Large Cap Fund,118632,Nippon Large Cap,Open Ended Schemes,30-06-2020,29.76080
Nippon Large Cap,118632,Nippon India Mutual Fund,,INF204K01XI3,Equity Scheme - Large Cap Fund,118632,Nippon Large Cap,Open Ended Schemes,29-06-2020,29.83690
Nippon Large Cap,118632,Nippon India Mutual Fund,,INF204K01XI3,Equity Scheme - Large Cap Fund,118632,Nippon Large Cap,Open Ended Schemes,26-06-2020,30.37690
Nippon Large Cap,118632,Nippon India Mutual Fund,,INF204K01XI3,Equity Scheme - Large Cap Fund,118632,Nippon Large Cap,Open Ended Schemes,25-06-2020,30.13460
Nippon Large Cap,118632,Nippon India Mutual Fund,,INF204K01XI3,Equity Scheme - Large Cap Fund,118632,Nippon Large Cap,Open Ended Schemes,24-06-2020,30.12700
Nippon Large Cap,118632,Nippon India Mutual Fund,,INF204K01XI3,Equity Scheme - Large Cap Fund,118632,Nippon Large Cap,Open Ended Schemes,23-06-2020,30.70120
Nippon Large Cap,118632,Nippon India Mutual Fund,,INF204K01XI3,Equity Scheme - Large Cap Fund,118632,Nippon Large Cap,Open Ended Schemes,22-06-2020,30.26990
Nippon Large Cap,118632,Nippon India Mutual Fund,,INF204K01XI3,Equity Scheme - Large Cap Fund,118632,Nippon Large Cap,Open Ended Schemes,19-06-2020,29.83420
Nippon Large Cap,118632,Nippon India Mutual Fund,,INF204K01XI3,Equity Scheme - Large Cap Fund,118632,Nippon Large Cap,Open Ended Schemes,18-06-2020,29.33340
Nippon Large Cap,118632,Nippon India Mutual Fund,,INF204K01XI3,Equity Scheme - Large Cap Fund,118632,Nippon Large Cap,Open Ended Schemes,17-06-2020,28.72390
Nippon Large Cap,118632,Nippon India Mutual Fund,,INF204K01XI3,Equity Scheme - Large Cap Fund,118632,Nippon Large Cap,Open Ended Schemes,16-06-2020,28.73530
Nippon Large Cap,118632,Nippon India Mutual Fund,,INF204K01XI3,Equity Scheme - Large Cap Fund,118632,Nippon Large Cap,Open Ended Schemes,15-06-2020,28.72420
Nippon Large Cap,118632,Nippon India Mutual Fund,,INF204K01XI3,Equity Scheme - Large Cap Fund,118632,Nippon Large Cap,Open Ended Schemes,12-06-2020,29.23440
Nippon Large Cap,118632,Nippon India Mutual Fund,,INF204K01XI3,Equity Scheme - Large Cap Fund,118632,Nippon Large Cap,Open Ended Schemes,11-06-2020,29.06150
Nippon Large Cap,118632,Nippon India Mutual Fund,,INF204K01XI3,Equity Scheme - Large Cap Fund,118632,Nippon Large Cap,Open Ended Schemes,10-06-2020,29.79630
Nippon Large Cap,118632,Nippon India Mutual Fund,,INF204K01XI3,Equity Scheme - Large Cap Fund,118632,Nippon Large Cap,Open Ended Schemes,09-06-2020,29.75980
Nippon Large Cap,118632,Nippon India Mutual Fund,,INF204K01XI3,Equity Scheme - Large Cap Fund,118632,Nippon Large Cap,Open Ended Schemes,08-06-2020,30.19960
Nippon Large Cap,118632,Nippon India Mutual Fund,,INF204K01XI3,Equity Scheme - Large Cap Fund,118632,Nippon Large Cap,Open Ended Schemes,05-06-2020,29.89140
Nippon Large Cap,118632,Nippon India Mutual Fund,,INF204K01XI3,Equity Scheme - Large Cap Fund,118632,Nippon Large Cap,Open Ended Schemes,04-06-2020,29.07460
Nippon Large Cap,118632,Nippon India Mutual Fund,,INF204K01XI3,Equity Scheme - Large Cap Fund,118632,Nippon Large Cap,Open Ended Schemes,03-06-2020,29.02460
Nippon Large Cap,118632,Nippon India Mutual Fund,,INF204K01XI3,Equity Scheme - Large Cap Fund,118632,Nippon Large Cap,Open Ended Schemes,02-06-2020,28.84510
Nippon Large Cap,118632,Nippon India Mutual Fund,,INF204K01XI3,Equity Scheme - Large Cap Fund,118632,Nippon Large Cap,Open Ended Schemes,01-06-2020,28.61790
Nippon Large Cap,118632,Nippon India Mutual Fund,,INF204K01XI3,Equity Scheme - Large Cap Fund,118632,Nippon Large Cap,Open Ended Schemes,29-05-2020,27.81110
Nippon Large Cap,118632,Nippon India Mutual Fund,,INF204K01XI3,Equity Scheme - Large Cap Fund,118632,Nippon Large Cap,Open Ended Schemes,28-05-2020,27.37930
Nippon Large Cap,118632,Nippon India Mutual Fund,,INF204K01XI3,Equity Scheme - Large Cap Fund,118632,Nippon Large Cap,Open Ended Schemes,27-05-2020,26.88460
Nippon Large Cap,118632,Nippon India Mutual Fund,,INF204K01XI3,Equity Scheme - Large Cap Fund,118632,Nippon Large Cap,Open Ended Schemes,26-05-2020,26.20280
Nippon Large Cap,118632,Nippon India Mutual Fund,,INF204K01XI3,Equity Scheme - Large Cap Fund,118632,Nippon Large Cap,Open Ended Schemes,22-05-2020,26.25030
Nippon Large Cap,118632,Nippon India Mutual Fund,,INF204K01XI3,Equity Scheme - Large Cap Fund,118632,Nippon Large Cap,Open Ended Schemes,21-05-2020,26.58250
Nippon Large Cap,118632,Nippon India Mutual Fund,,INF204K01XI3,Equity Scheme - Large Cap Fund,118632,Nippon Large Cap,Open Ended Schemes,20-05-2020,26.28350
Nippon Large Cap,118632,Nippon India Mutual Fund,,INF204K01XI3,Equity Scheme - Large Cap Fund,118632,Nippon Large Cap,Open Ended Schemes,19-05-2020,25.79620
Nippon Large Cap,118632,Nippon India Mutual Fund,,INF204K01XI3,Equity Scheme - Large Cap Fund,118632,Nippon Large Cap,Open Ended Schemes,18-05-2020,25.66050
Nippon Large Cap,118632,Nippon India Mutual Fund,,INF204K01XI3,Equity Scheme - Large Cap Fund,118632,Nippon Large Cap,Open Ended Schemes,15-05-2020,26.75700
Nippon Large Cap,118632,Nippon India Mutual Fund,,INF204K01XI3,Equity Scheme - Large Cap Fund,118632,Nippon Large Cap,Open Ended Schemes,14-05-2020,26.82480
Nippon Large Cap,118632,Nippon India Mutual Fund,,INF204K01XI3,Equity Scheme - Large Cap Fund,118632,Nippon Large Cap,Open Ended Schemes,13-05-2020,27.36140
Nippon Large Cap,118632,Nippon India Mutual Fund,,INF204K01XI3,Equity Scheme - Large Cap Fund,118632,Nippon Large Cap,Open Ended Schemes,12-05-2020,26.76750
Nippon Large Cap,118632,Nippon India Mutual Fund,,INF204K01XI3,Equity Scheme - Large Cap Fund,118632,Nippon Large Cap,Open Ended Schemes,11-05-2020,26.71180
Nippon Large Cap,118632,Nippon India Mutual Fund,,INF204K01XI3,Equity Scheme - Large Cap Fund,118632,Nippon Large Cap,Open Ended Schemes,08-05-2020,26.74450
Nippon Large Cap,118632,Nippon India Mutual Fund,,INF204K01XI3,Equity Scheme - Large Cap Fund,118632,Nippon Large Cap,Open Ended Schemes,07-05-2020,26.87110
Nippon Large Cap,118632,Nippon India Mutual Fund,,INF204K01XI3,Equity Scheme - Large Cap Fund,118632,Nippon Large Cap,Open Ended Schemes,06-05-2020,27.16510
Nippon Large Cap,118632,Nippon India Mutual Fund,,INF204K01XI3,Equity Scheme - Large Cap Fund,118632,Nippon Large Cap,Open Ended Schemes,05-05-2020,27.15400
Nippon Large Cap,118632,Nippon India Mutual Fund,,INF204K01XI3,Equity Scheme - Large Cap Fund,118632,Nippon Large Cap,Open Ended Schemes,04-05-2020,27.49900
Nippon Large Cap,118632,Nippon India Mutual Fund,,INF204K01XI3,Equity Scheme - Large Cap Fund,118632,Nippon Large Cap,Open Ended Schemes,30-04-2020,29.07720
Nippon Large Cap,118632,Nippon India Mutual Fund,,INF204K01XI3,Equity Scheme - Large Cap Fund,118632,Nippon Large Cap,Open Ended Schemes,29-04-2020,28.12320
Nippon Large Cap,118632,Nippon India Mutual Fund,,INF204K01XI3,Equity Scheme - Large Cap Fund,118632,Nippon Large Cap,Open Ended Schemes,28-04-2020,27.58410
Nippon Large Cap,118632,Nippon India Mutual Fund,,INF204K01XI3,Equity Scheme - Large Cap Fund,118632,Nippon Large Cap,Open Ended Schemes,27-04-2020,27.45450
Nippon Large Cap,118632,Nippon India Mutual Fund,,INF204K01XI3,Equity Scheme - Large Cap Fund,118632,Nippon Large Cap,Open Ended Schemes,24-04-2020,27.23580
Nippon Large Cap,118632,Nippon India Mutual Fund,,INF204K01XI3,Equity Scheme - Large Cap Fund,118632,Nippon Large Cap,Open Ended Schemes,23-04-2020,27.73760
Nippon Large Cap,118632,Nippon India Mutual Fund,,INF204K01XI3,Equity Scheme - Large Cap Fund,118632,Nippon Large Cap,Open Ended Schemes,22-04-2020,27.60740
Nippon Large Cap,118632,Nippon India Mutual Fund,,INF204K01XI3,Equity Scheme - Large Cap Fund,118632,Nippon Large Cap,Open Ended Schemes,21-04-2020,27.36480
Nippon Large Cap,118632,Nippon India Mutual Fund,,INF204K01XI3,Equity Scheme - Large Cap Fund,118632,Nippon Large Cap,Open Ended Schemes,20-04-2020,28.29580
Nippon Large Cap,118632,Nippon India Mutual Fund,,INF204K01XI3,Equity Scheme - Large Cap Fund,118632,Nippon Large Cap,Open Ended Schemes,17-04-2020,28.25970
Nippon Large Cap,118632,Nippon India Mutual Fund,,INF204K01XI3,Equity Scheme - Large Cap Fund,118632,Nippon Large Cap,Open Ended Schemes,16-04-2020,27.51780
Nippon Large Cap,118632,Nippon India Mutual Fund,,INF204K01XI3,Equity Scheme - Large Cap Fund,118632,Nippon Large Cap,Open Ended Schemes,15-04-2020,27.19640
Nippon Large Cap,118632,Nippon India Mutual Fund,,INF204K01XI3,Equity Scheme - Large Cap Fund,118632,Nippon Large Cap,Open Ended Schemes,13-04-2020,27.10910
Nippon Large Cap,118632,Nippon India Mutual Fund,,INF204K01XI3,Equity Scheme - Large Cap Fund,118632,Nippon Large Cap,Open Ended Schemes,09-04-2020,27.20960
Nippon Large Cap,118632,Nippon India Mutual Fund,,INF204K01XI3,Equity Scheme - Large Cap Fund,118632,Nippon Large Cap,Open Ended Schemes,08-04-2020,26.20990
Nippon Large Cap,118632,Nippon India Mutual Fund,,INF204K01XI3,Equity Scheme - Large Cap Fund,118632,Nippon Large Cap,Open Ended Schemes,07-04-2020,26.11170
Nippon Large Cap,118632,Nippon India Mutual Fund,,INF204K01XI3,Equity Scheme - Large Cap Fund,118632,Nippon Large Cap,Open Ended Schemes,03-04-2020,24.39400
Nippon Large Cap,118632,Nippon India Mutual Fund,,INF204K01XI3,Equity Scheme - Large Cap Fund,118632,Nippon Large Cap,Open Ended Schemes,01-04-2020,24.83600
Nippon Large Cap,118632,Nippon India Mutual Fund,,INF204K01XI3,Equity Scheme - Large Cap Fund,118632,Nippon Large Cap,Open Ended Schemes,31-03-2020,25.77540
Nippon Large Cap,118632,Nippon India Mutual Fund,,INF204K01XI3,Equity Scheme - Large Cap Fund,118632,Nippon Large Cap,Open Ended Schemes,30-03-2020,24.72200
Nippon Large Cap,118632,Nippon India Mutual Fund,,INF204K01XI3,Equity Scheme - Large Cap Fund,118632,Nippon Large Cap,Open Ended Schemes,27-03-2020,25.65790
Nippon Large Cap,118632,Nippon India Mutual Fund,,INF204K01XI3,Equity Scheme - Large Cap Fund,118632,Nippon Large Cap,Open Ended Schemes,26-03-2020,25.76110
Nippon Large Cap,118632,Nippon India Mutual Fund,,INF204K01XI3,Equity Scheme - Large Cap Fund,118632,Nippon Large Cap,Open Ended Schemes,25-03-2020,24.84440
Nippon Large Cap,118632,Nippon India Mutual Fund,,INF204K01XI3,Equity Scheme - Large Cap Fund,118632,Nippon Large Cap,Open Ended Schemes,24-03-2020,23.84390
Nippon Large Cap,118632,Nippon India Mutual Fund,,INF204K01XI3,Equity Scheme - Large Cap Fund,118632,Nippon Large Cap,Open Ended Schemes,23-03-2020,23.46730
Nippon Large Cap,118632,Nippon India Mutual Fund,,INF204K01XI3,Equity Scheme - Large Cap Fund,118632,Nippon Large Cap,Open Ended Schemes,20-03-2020,26.95880
Nippon Large Cap,118632,Nippon India Mutual Fund,,INF204K01XI3,Equity Scheme - Large Cap Fund,118632,Nippon Large Cap,Open Ended Schemes,19-03-2020,25.88410
Nippon Large Cap,118632,Nippon India Mutual Fund,,INF204K01XI3,Equity Scheme - Large Cap Fund,118632,Nippon Large Cap,Open Ended Schemes,18-03-2020,26.71130
Nippon Large Cap,118632,Nippon India Mutual Fund,,INF204K01XI3,Equity Scheme - Large Cap Fund,118632,Nippon Large Cap,Open Ended Schemes,17-03-2020,27.91350
Nippon Large Cap,118632,Nippon India Mutual Fund,,INF204K01XI3,Equity Scheme - Large Cap Fund,118632,Nippon Large Cap,Open Ended Schemes,16-03-2020,28.54560
Nippon Large Cap,118632,Nippon India Mutual Fund,,INF204K01XI3,Equity Scheme - Large Cap Fund,118632,Nippon Large Cap,Open Ended Schemes,13-03-2020,30.55890
Nippon Large Cap,118632,Nippon India Mutual Fund,,INF204K01XI3,Equity Scheme - Large Cap Fund,118632,Nippon Large Cap,Open Ended Schemes,12-03-2020,29.12420
Nippon Large Cap,118632,Nippon India Mutual Fund,,INF204K01XI3,Equity Scheme - Large Cap Fund,118632,Nippon Large Cap,Open Ended Schemes,11-03-2020,32.00670
Nippon Large Cap,118632,Nippon India Mutual Fund,,INF204K01XI3,Equity Scheme - Large Cap Fund,118632,Nippon Large Cap,Open Ended Schemes,09-03-2020,32.39640
Nippon Large Cap,118632,Nippon India Mutual Fund,,INF204K01XI3,Equity Scheme - Large Cap Fund,118632,Nippon Large Cap,Open Ended Schemes,06-03-2020,33.89750
Nippon Large Cap,118632,Nippon India Mutual Fund,,INF204K01XI3,Equity Scheme - Large Cap Fund,118632,Nippon Large Cap,Open Ended Schemes,05-03-2020,34.79650
Nippon Large Cap,118632,Nippon India Mutual Fund,,INF204K01XI3,Equity Scheme - Large Cap Fund,118632,Nippon Large Cap,Open Ended Schemes,04-03-2020,34.74380
Nippon Large Cap,118632,Nippon India Mutual Fund,,INF204K01XI3,Equity Scheme - Large Cap Fund,118632,Nippon Large Cap,Open Ended Schemes,03-03-2020,35.09470
Nippon Large Cap,118632,Nippon India Mutual Fund,,INF204K01XI3,Equity Scheme - Large Cap Fund,118632,Nippon Large Cap,Open Ended Schemes,02-03-2020,34.52330
Nippon Large Cap,118632,Nippon India Mutual Fund,,INF204K01XI3,Equity Scheme - Large Cap Fund,118632,Nippon Large Cap,Open Ended Schemes,28-02-2020,34.96350
Nippon Large Cap,118632,Nippon India Mutual Fund,,INF204K01XI3,Equity Scheme - Large Cap Fund,118632,Nippon Large Cap,Open Ended Schemes,27-02-2020,36.23620
Nippon Large Cap,118632,Nippon India Mutual Fund,,INF204K01XI3,Equity Scheme - Large Cap Fund,118632,Nippon Large Cap,Open Ended Schemes,26-02-2020,36.45360
Nippon Large Cap,118632,Nippon India Mutual Fund,,INF204K01XI3,Equity Scheme - Large Cap Fund,118632,Nippon Large Cap,Open Ended Schemes,25-02-2020,36.85220
Nippon Large Cap,118632,Nippon India Mutual Fund,,INF204K01XI3,Equity Scheme - Large Cap Fund,118632,Nippon Large Cap,Open Ended Schemes,24-02-2020,37.03100
Nippon Large Cap,118632,Nippon India Mutual Fund,,INF204K01XI3,Equity Scheme - Large Cap Fund,118632,Nippon Large Cap,Open Ended Schemes,20-02-2020,37.84520
Nippon Large Cap,118632,Nippon India Mutual Fund,,INF204K01XI3,Equity Scheme - Large Cap Fund,118632,Nippon Large Cap,Open Ended Schemes,19-02-2020,37.70320
Nippon Large Cap,118632,Nippon India Mutual Fund,,INF204K01XI3,Equity Scheme - Large Cap Fund,118632,Nippon Large Cap,Open Ended Schemes,18-02-2020,37.37890
Nippon Large Cap,118632,Nippon India Mutual Fund,,INF204K01XI3,Equity Scheme - Large Cap Fund,118632,Nippon Large Cap,Open Ended Schemes,17-02-2020,37.49530
Nippon Large Cap,118632,Nippon India Mutual Fund,,INF204K01XI3,Equity Scheme - Large Cap Fund,118632,Nippon Large Cap,Open Ended Schemes,14-02-2020,37.81710
Nippon Large Cap,118632,Nippon India Mutual Fund,,INF204K01XI3,Equity Scheme - Large Cap Fund,118632,Nippon Large Cap,Open Ended Schemes,13-02-2020,38.06940
Nippon Large Cap,118632,Nippon India Mutual Fund,,INF204K01XI3,Equity Scheme - Large Cap Fund,118632,Nippon Large Cap,Open Ended Schemes,12-02-2020,38.11160
Nippon Large Cap,118632,Nippon India Mutual Fund,,INF204K01XI3,Equity Scheme - Large Cap Fund,118632,Nippon Large Cap,Open Ended Schemes,11-02-2020,38.16140
Nippon Large Cap,118632,Nippon India Mutual Fund,,INF204K01XI3,Equity Scheme - Large Cap Fund,118632,Nippon Large Cap,Open Ended Schemes,10-02-2020,37.81780
Nippon Large Cap,118632,Nippon India Mutual Fund,,INF204K01XI3,Equity Scheme - Large Cap Fund,118632,Nippon Large Cap,Open Ended Schemes,07-02-2020,38.20860
Nippon Large Cap,118632,Nippon India Mutual Fund,,INF204K01XI3,Equity Scheme - Large Cap Fund,118632,Nippon Large Cap,Open Ended Schemes,06-02-2020,38.20930
Nippon Large Cap,118632,Nippon India Mutual Fund,,INF204K01XI3,Equity Scheme - Large Cap Fund,118632,Nippon Large Cap,Open Ended Schemes,05-02-2020,37.86230
Nippon Large Cap,118632,Nippon India Mutual Fund,,INF204K01XI3,Equity Scheme - Large Cap Fund,118632,Nippon Large Cap,Open Ended Schemes,04-02-2020,37.24060
Nippon Large Cap,118632,Nippon India Mutual Fund,,INF204K01XI3,Equity Scheme - Large Cap Fund,118632,Nippon Large Cap,Open Ended Schemes,03-02-2020,36.36340
Nippon Large Cap,118632,Nippon India Mutual Fund,,INF204K01XI3,Equity Scheme - Large Cap Fund,118632,Nippon Large Cap,Open Ended Schemes,31-01-2020,37.63210
Nippon Large Cap,118632,Nippon India Mutual Fund,,INF204K01XI3,Equity Scheme - Large Cap Fund,118632,Nippon Large Cap,Open Ended Schemes,30-01-2020,37.88840
Nippon Large Cap,118632,Nippon India Mutual Fund,,INF204K01XI3,Equity Scheme - Large Cap Fund,118632,Nippon Large Cap,Open Ended Schemes,29-01-2020,38.16150
Nippon Large Cap,118632,Nippon India Mutual Fund,,INF204K01XI3,Equity Scheme - Large Cap Fund,118632,Nippon Large Cap,Open Ended Schemes,28-01-2020,37.90950
Nippon Large Cap,118632,Nippon India Mutual Fund,,INF204K01XI3,Equity Scheme - Large Cap Fund,118632,Nippon Large Cap,Open Ended Schemes,27-01-2020,38.12050
Nippon Large Cap,118632,Nippon India Mutual Fund,,INF204K01XI3,Equity Scheme - Large Cap Fund,118632,Nippon Large Cap,Open Ended Schemes,24-01-2020,38.54930
Nippon Large Cap,118632,Nippon India Mutual Fund,,INF204K01XI3,Equity Scheme - Large Cap Fund,118632,Nippon Large Cap,Open Ended Schemes,23-01-2020,38.31770
Nippon Large Cap,118632,Nippon India Mutual Fund,,INF204K01XI3,Equity Scheme - Large Cap Fund,118632,Nippon Large Cap,Open Ended Schemes,22-01-2020,37.92280
Nippon Large Cap,118632,Nippon India Mutual Fund,,INF204K01XI3,Equity Scheme - Large Cap Fund,118632,Nippon Large Cap,Open Ended Schemes,21-01-2020,38.09250
Nippon Large Cap,118632,Nippon India Mutual Fund,,INF204K01XI3,Equity Scheme - Large Cap Fund,118632,Nippon Large Cap,Open Ended Schemes,20-01-2020,38.29130
Nippon Large Cap,118632,Nippon India Mutual Fund,,INF204K01XI3,Equity Scheme - Large Cap Fund,118632,Nippon Large Cap,Open Ended Schemes,17-01-2020,38.53970
Nippon Large Cap,118632,Nippon India Mutual Fund,,INF204K01XI3,Equity Scheme - Large Cap Fund,118632,Nippon Large Cap,Open Ended Schemes,16-01-2020,38.52370
Nippon Large Cap,118632,Nippon India Mutual Fund,,INF204K01XI3,Equity Scheme - Large Cap Fund,118632,Nippon Large Cap,Open Ended Schemes,15-01-2020,38.52160
Nippon Large Cap,118632,Nippon India Mutual Fund,,INF204K01XI3,Equity Scheme - Large Cap Fund,118632,Nippon Large Cap,Open Ended Schemes,14-01-2020,38.55460
Nippon Large Cap,118632,Nippon India Mutual Fund,,INF204K01XI3,Equity Scheme - Large Cap Fund,118632,Nippon Large Cap,Open Ended Schemes,13-01-2020,38.42700
Nippon Large Cap,118632,Nippon India Mutual Fund,,INF204K01XI3,Equity Scheme - Large Cap Fund,118632,Nippon Large Cap,Open Ended Schemes,10-01-2020,38.21680
Nippon Large Cap,118632,Nippon India Mutual Fund,,INF204K01XI3,Equity Scheme - Large Cap Fund,118632,Nippon Large Cap,Open Ended Schemes,09-01-2020,38.06400
Nippon Large Cap,118632,Nippon India Mutual Fund,,INF204K01XI3,Equity Scheme - Large Cap Fund,118632,Nippon Large Cap,Open Ended Schemes,08-01-2020,37.38860
Nippon Large Cap,118632,Nippon India Mutual Fund,,INF204K01XI3,Equity Scheme - Large Cap Fund,118632,Nippon Large Cap,Open Ended Schemes,07-01-2020,37.51290
Nippon Large Cap,118632,Nippon India Mutual Fund,,INF204K01XI3,Equity Scheme - Large Cap Fund,118632,Nippon Large Cap,Open Ended Schemes,06-01-2020,37.40680
Nippon Large Cap,118632,Nippon India Mutual Fund,,INF204K01XI3,Equity Scheme - Large Cap Fund,118632,Nippon Large Cap,Open Ended Schemes,03-01-2020,38.27150
Nippon Large Cap,118632,Nippon India Mutual Fund,,INF204K01XI3,Equity Scheme - Large Cap Fund,118632,Nippon Large Cap,Open Ended Schemes,02-01-2020,38.44830
Nippon Large Cap,118632,Nippon India Mutual Fund,,INF204K01XI3,Equity Scheme - Large Cap Fund,118632,Nippon Large Cap,Open Ended Schemes,01-01-2020,37.96680
Nippon Large Cap,118632,Nippon India Mutual Fund,,INF204K01XI3,Equity Scheme - Large Cap Fund,118632,Nippon Large Cap,Open Ended Schemes,31-12-2019,37.95940
Nippon Large Cap,118632,Nippon India Mutual Fund,,INF204K01XI3,Equity Scheme - Large Cap Fund,118632,Nippon Large Cap,Open Ended Schemes,30-12-2019,38.13810
Nippon Large Cap,118632,Nippon India Mutual Fund,,INF204K01XI3,Equity Scheme - Large Cap Fund,118632,Nippon Large Cap,Open Ended Schemes,27-12-2019,38.06820
Nippon Large Cap,118632,Nippon India Mutual Fund,,INF204K01XI3,Equity Scheme - Large Cap Fund,118632,Nippon Large Cap,Open Ended Schemes,26-12-2019,37.53890
Nippon Large Cap,118632,Nippon India Mutual Fund,,INF204K01XI3,Equity Scheme - Large Cap Fund,118632,Nippon Large Cap,Open Ended Schemes,24-12-2019,37.76570
Nippon Large Cap,118632,Nippon India Mutual Fund,,INF204K01XI3,Equity Scheme - Large Cap Fund,118632,Nippon Large Cap,Open Ended Schemes,23-12-2019,37.89120
Nippon Large Cap,118632,Nippon India Mutual Fund,,INF204K01XI3,Equity Scheme - Large Cap Fund,118632,Nippon Large Cap,Open Ended Schemes,20-12-2019,37.97280
Nippon Large Cap,118632,Nippon India Mutual Fund,,INF204K01XI3,Equity Scheme - Large Cap Fund,118632,Nippon Large Cap,Open Ended Schemes,19-12-2019,37.84800
Nippon Large Cap,118632,Nippon India Mutual Fund,,INF204K01XI3,Equity Scheme - Large Cap Fund,118632,Nippon Large Cap,Open Ended Schemes,18-12-2019,37.77130
Nippon Large Cap,118632,Nippon India Mutual Fund,,INF204K01XI3,Equity Scheme - Large Cap Fund,118632,Nippon Large Cap,Open Ended Schemes,17-12-2019,37.81790
Nippon Large Cap,118632,Nippon India Mutual Fund,,INF204K01XI3,Equity Scheme - Large Cap Fund,118632,Nippon Large Cap,Open Ended Schemes,16-12-2019,37.35590
Nippon Large Cap,118632,Nippon India Mutual Fund,,INF204K01XI3,Equity Scheme - Large Cap Fund,118632,Nippon Large Cap,Open Ended Schemes,13-12-2019,37.50640
Nippon Large Cap,118632,Nippon India Mutual Fund,,INF204K01XI3,Equity Scheme - Large Cap Fund,118632,Nippon Large Cap,Open Ended Schemes,12-12-2019,36.95400
Nippon Large Cap,118632,Nippon India Mutual Fund,,INF204K01XI3,Equity Scheme - Large Cap Fund,118632,Nippon Large Cap,Open Ended Schemes,11-12-2019,36.56980
Nippon Large Cap,118632,Nippon India Mutual Fund,,INF204K01XI3,Equity Scheme - Large Cap Fund,118632,Nippon Large Cap,Open Ended Schemes,10-12-2019,36.45520
Nippon Large Cap,118632,Nippon India Mutual Fund,,INF204K01XI3,Equity Scheme - Large Cap Fund,118632,Nippon Large Cap,Open Ended Schemes,09-12-2019,36.76940
Nippon Large Cap,118632,Nippon India Mutual Fund,,INF204K01XI3,Equity Scheme - Large Cap Fund,118632,Nippon Large Cap,Open Ended Schemes,06-12-2019,36.74080
Nippon Large Cap,118632,Nippon India Mutual Fund,,INF204K01XI3,Equity Scheme - Large Cap Fund,118632,Nippon Large Cap,Open Ended Schemes,05-12-2019,37.21280
Nippon Large Cap,118632,Nippon India Mutual Fund,,INF204K01XI3,Equity Scheme - Large Cap Fund,118632,Nippon Large Cap,Open Ended Schemes,04-12-2019,37.46980
Nippon Large Cap,118632,Nippon India Mutual Fund,,INF204K01XI3,Equity Scheme - Large Cap Fund,118632,Nippon Large Cap,Open Ended Schemes,03-12-2019,37.20690
Nippon Large Cap,118632,Nippon India Mutual Fund,,INF204K01XI3,Equity Scheme - Large Cap Fund,118632,Nippon Large Cap,Open Ended Schemes,02-12-2019,37.52740
Nippon Large Cap,118632,Nippon India Mutual Fund,,INF204K01XI3,Equity Scheme - Large Cap Fund,118632,Nippon Large Cap,Open Ended Schemes,29-11-2019,37.62320
Nippon Large Cap,118632,Nippon India Mutual Fund,,INF204K01XI3,Equity Scheme - Large Cap Fund,118632,Nippon Large Cap,Open Ended Schemes,28-11-2019,37.88330
Nippon Large Cap,118632,Nippon India Mutual Fund,,INF204K01XI3,Equity Scheme - Large Cap Fund,118632,Nippon Large Cap,Open Ended Schemes,27-11-2019,37.70950
Nippon Large Cap,118632,Nippon India Mutual Fund,,INF204K01XI3,Equity Scheme - Large Cap Fund,118632,Nippon Large Cap,Open Ended Schemes,26-11-2019,37.53890
Nippon Large Cap,118632,Nippon India Mutual Fund,,INF204K01XI3,Equity Scheme - Large Cap Fund,118632,Nippon Large Cap,Open Ended Schemes,25-11-2019,37.71650
Nippon Large Cap,118632,Nippon India Mutual Fund,,INF204K01XI3,Equity Scheme - Large Cap Fund,118632,Nippon Large Cap,Open Ended Schemes,22-11-2019,37.20190
Nippon Large Cap,118632,Nippon India Mutual Fund,,INF204K01XI3,Equity Scheme - Large Cap Fund,118632,Nippon Large Cap,Open Ended Schemes,21-11-2019,37.36040
Nippon Large Cap,118632,Nippon India Mutual Fund,,INF204K01XI3,Equity Scheme - Large Cap Fund,118632,Nippon Large Cap,Open Ended Schemes,20-11-2019,37.55240
Nippon Large Cap,118632,Nippon India Mutual Fund,,INF204K01XI3,Equity Scheme - Large Cap Fund,118632,Nippon Large Cap,Open Ended Schemes,19-11-2019,37.40030
Nippon Large Cap,118632,Nippon India Mutual Fund,,INF204K01XI3,Equity Scheme - Large Cap Fund,118632,Nippon Large Cap,Open Ended Schemes,18-11-2019,37.12660
Nippon Large Cap,118632,Nippon India Mutual Fund,,INF204K01XI3,Equity Scheme - Large Cap Fund,118632,Nippon Large Cap,Open Ended Schemes,15-11-2019,36.91680
Nippon Large Cap,118632,Nippon India Mutual Fund,,INF204K01XI3,Equity Scheme - Large Cap Fund,118632,Nippon Large Cap,Open Ended Schemes,14-11-2019,36.66810
Nippon Large Cap,118632,Nippon India Mutual Fund,,INF204K01XI3,Equity Scheme - Large Cap Fund,118632,Nippon Large Cap,Open Ended Schemes,13-11-2019,36.69680
Nippon Large Cap,118632,Nippon India Mutual Fund,,INF204K01XI3,Equity Scheme - Large Cap Fund,118632,Nippon Large Cap,Open Ended Schemes,11-11-2019,37.06390
Nippon Large Cap,118632,Nippon India Mutual Fund,,INF204K01XI3,Equity Scheme - Large Cap Fund,118632,Nippon Large Cap,Open Ended Schemes,08-11-2019,36.88020
Nippon Large Cap,118632,Nippon India Mutual Fund,,INF204K01XI3,Equity Scheme - Large Cap Fund,118632,Nippon Large Cap,Open Ended Schemes,07-11-2019,37.34760
Nippon Large Cap,118632,Nippon India Mutual Fund,,INF204K01XI3,Equity Scheme - Large Cap Fund,118632,Nippon Large Cap,Open Ended Schemes,06-11-2019,37.39600
Nippon Large Cap,118632,Nippon India Mutual Fund,,INF204K01XI3,Equity Scheme - Large Cap Fund,118632,Nippon Large Cap,Open Ended Schemes,05-11-2019,37.26770
Nippon Large Cap,118632,Nippon India Mutual Fund,,INF204K01XI3,Equity Scheme - Large Cap Fund,118632,Nippon Large Cap,Open Ended Schemes,04-11-2019,37.43730
Nippon Large Cap,118632,Nippon India Mutual Fund,,INF204K01XI3,Equity Scheme - Large Cap Fund,118632,Nippon Large Cap,Open Ended Schemes,01-11-2019,37.30830
Nippon Large Cap,118632,Nippon India Mutual Fund,,INF204K01XI3,Equity Scheme - Large Cap Fund,118632,Nippon Large Cap,Open Ended Schemes,31-10-2019,37.23390
Nippon Large Cap,118632,Nippon India Mutual Fund,,INF204K01XI3,Equity Scheme - Large Cap Fund,118632,Nippon Large Cap,Open Ended Schemes,30-10-2019,36.98240
Nippon Large Cap,118632,Nippon India Mutual Fund,,INF204K01XI3,Equity Scheme - Large Cap Fund,118632,Nippon Large Cap,Open Ended Schemes,29-10-2019,36.67980
Nippon Large Cap,118632,Nippon India Mutual Fund,,INF204K01XI3,Equity Scheme - Large Cap Fund,118632,Nippon Large Cap,Open Ended Schemes,25-10-2019,35.82850
Nippon Large Cap,118632,Nippon India Mutual Fund,,INF204K01XI3,Equity Scheme - Large Cap Fund,118632,Nippon Large Cap,Open Ended Schemes,24-10-2019,35.62500
Nippon Large Cap,118632,Nippon India Mutual Fund,,INF204K01XI3,Equity Scheme - Large Cap Fund,118632,Nippon Large Cap,Open Ended Schemes,23-10-2019,35.96250
Nippon Large Cap,118632,Nippon India Mutual Fund,,INF204K01XI3,Equity Scheme - Large Cap Fund,118632,Nippon Large Cap,Open Ended Schemes,22-10-2019,35.88520
Nippon Large Cap,118632,Nippon India Mutual Fund,,INF204K01XI3,Equity Scheme - Large Cap Fund,118632,Nippon Large Cap,Open Ended Schemes,18-10-2019,35.97050
Nippon Large Cap,118632,Nippon India Mutual Fund,,INF204K01XI3,Equity Scheme - Large Cap Fund,118632,Nippon Large Cap,Open Ended Schemes,17-10-2019,35.69930
Nippon Large Cap,118632,Nippon India Mutual Fund,,INF204K01XI3,Equity Scheme - Large Cap Fund,118632,Nippon Large Cap,Open Ended Schemes,16-10-2019,35.21730
Nippon Large Cap,118632,Nippon India Mutual Fund,,INF204K01XI3,Equity Scheme - Large Cap Fund,118632,Nippon Large Cap,Open Ended Schemes,15-10-2019,35.17650
Nippon Large Cap,118632,Nippon India Mutual Fund,,INF204K01XI3,Equity Scheme - Large Cap Fund,118632,Nippon Large Cap,Open Ended Schemes,14-10-2019,34.97810
Nippon Large Cap,118632,Nippon India Mutual Fund,,INF204K01XI3,Equity Scheme - Large Cap Fund,118632,Nippon Large Cap,Open Ended Schemes,11-10-2019,34.86410
Nippon Large Cap,118632,Nippon India Mutual Fund,,INF204K01XI3,Equity Scheme - Large Cap Fund,118632,Nippon Large Cap,Open Ended Schemes,10-10-2019,34.66150
Nippon Large Cap,118632,Nippon India Mutual Fund,,INF204K01XI3,Equity Scheme - Large Cap Fund,118632,Nippon Large Cap,Open Ended Schemes,09-10-2019,35.08990
Nippon Large Cap,118632,Nippon India Mutual Fund,,INF204K01XI3,Equity Scheme - Large Cap Fund,118632,Nippon Large Cap,Open Ended Schemes,07-10-2019,34.42310
Nippon Large Cap,118632,Nippon India Mutual Fund,,INF204K01XI3,Equity Scheme - Large Cap Fund,118632,Nippon Large Cap,Open Ended Schemes,04-10-2019,34.72430
Nippon Large Cap,118632,Nippon India Mutual Fund,,INF204K01XI3,Equity Scheme - Large Cap Fund,118632,Nippon Large Cap,Open Ended Schemes,03-10-2019,35.23300
Nippon Large Cap,118632,Nippon India Mutual Fund,,INF204K01XI3,Equity Scheme - Large Cap Fund,118632,Nippon Large Cap,Open Ended Schemes,01-10-2019,35.23200
Nippon Large Cap,118632,Nippon India Mutual Fund,,INF204K01XI3,Equity Scheme - Large Cap Fund,118632,Nippon Large Cap,Open Ended Schemes,30-09-2019,35.69920
Nippon Large Cap,118632,Nippon India Mutual Fund,,INF204K01XI3,Equity Scheme - Large Cap Fund,118632,Nippon Large Cap,Open Ended Schemes,27-09-2019,35.89850
Nippon Large Cap,118632,Nippon India Mutual Fund,,INF204K01XI3,Equity Scheme - Large Cap Fund,118632,Nippon Large Cap,Open Ended Schemes,26-09-2019,36.07980
Nippon Large Cap,118632,Nippon India Mutual Fund,,INF204K01XI3,Equity Scheme - Large Cap Fund,118632,Nippon Large Cap,Open Ended Schemes,25-09-2019,35.54100
Nippon Large Cap,118632,Nippon India Mutual Fund,,INF204K01XI3,Equity Scheme - Large Cap Fund,118632,Nippon Large Cap,Open Ended Schemes,24-09-2019,36.31330
Nippon Large Cap,118632,Nippon India Mutual Fund,,INF204K01XI3,Equity Scheme - Large Cap Fund,118632,Nippon Large Cap,Open Ended Schemes,23-09-2019,36.56890
Nippon Large Cap,118632,Nippon India Mutual Fund,,INF204K01XI3,Equity Scheme - Large Cap Fund,118632,Nippon Large Cap,Open Ended Schemes,20-09-2019,35.10500
Nippon Large Cap,118632,Nippon India Mutual Fund,,INF204K01XI3,Equity Scheme - Large Cap Fund,118632,Nippon Large Cap,Open Ended Schemes,19-09-2019,33.08990
Nippon Large Cap,118632,Nippon India Mutual Fund,,INF204K01XI3,Equity Scheme - Large Cap Fund,118632,Nippon Large Cap,Open Ended Schemes,18-09-2019,33.53750
Nippon Large Cap,118632,Nippon India Mutual Fund,,INF204K01XI3,Equity Scheme - Large Cap Fund,118632,Nippon Large Cap,Open Ended Schemes,17-09-2019,33.35650
Nippon Large Cap,118632,Nippon India Mutual Fund,,INF204K01XI3,Equity Scheme - Large Cap Fund,118632,Nippon Large Cap,Open Ended Schemes,16-09-2019,34.15750
Nippon Large Cap,118632,Nippon India Mutual Fund,,INF204K01XI3,Equity Scheme - Large Cap Fund,118632,Nippon Large Cap,Open Ended Schemes,13-09-2019,34.41180
Nippon Large Cap,118632,Nippon India Mutual Fund,,INF204K01XI3,Equity Scheme - Large Cap Fund,118632,Nippon Large Cap,Open Ended Schemes,12-09-2019,34.10390
Nippon Large Cap,118632,Nippon India Mutual Fund,,INF204K01XI3,Equity Scheme - Large Cap Fund,118632,Nippon Large Cap,Open Ended Schemes,11-09-2019,34.18120
Nippon Large Cap,118632,Nippon India Mutual Fund,,INF204K01XI3,Equity Scheme - Large Cap Fund,118632,Nippon Large Cap,Open Ended Schemes,09-09-2019,33.90530
Nippon Large Cap,118632,Nippon India Mutual Fund,,INF204K01XI3,Equity Scheme - Large Cap Fund,118632,Nippon Large Cap,Open Ended Schemes,06-09-2019,33.64630
Nippon Large Cap,118632,Nippon India Mutual Fund,,INF204K01XI3,Equity Scheme - Large Cap Fund,118632,Nippon Large Cap,Open Ended Schemes,05-09-2019,33.37740
Nippon Large Cap,118632,Nippon India Mutual Fund,,INF204K01XI3,Equity Scheme - Large Cap Fund,118632,Nippon Large Cap,Open Ended Schemes,04-09-2019,33.19200
Nippon Large Cap,118632,Nippon India Mutual Fund,,INF204K01XI3,Equity Scheme - Large Cap Fund,118632,Nippon Large Cap,Open Ended Schemes,03-09-2019,32.96840
Nippon Large Cap,118632,Nippon India Mutual Fund,,INF204K01XI3,Equity Scheme - Large Cap Fund,118632,Nippon Large Cap,Open Ended Schemes,30-08-2019,33.59680
Nippon Large Cap,118632,Nippon India Mutual Fund,,INF204K01XI3,Equity Scheme - Large Cap Fund,118632,Nippon Large Cap,Open Ended Schemes,29-08-2019,33.38240
Nippon Large Cap,118632,Nippon India Mutual Fund,,INF204K01XI3,Equity Scheme - Large Cap Fund,118632,Nippon Large Cap,Open Ended Schemes,28-08-2019,33.71030
Nippon Large Cap,118632,Nippon India Mutual Fund,,INF204K01XI3,Equity Scheme - Large Cap Fund,118632,Nippon Large Cap,Open Ended Schemes,27-08-2019,33.98020
Nippon Large Cap,118632,Nippon India Mutual Fund,,INF204K01XI3,Equity Scheme - Large Cap Fund,118632,Nippon Large Cap,Open Ended Schemes,26-08-2019,33.65930
Nippon Large Cap,118632,Nippon India Mutual Fund,,INF204K01XI3,Equity Scheme - Large Cap Fund,118632,Nippon Large Cap,Open Ended Schemes,23-08-2019,33.04370
Nippon Large Cap,118632,Nippon India Mutual Fund,,INF204K01XI3,Equity Scheme - Large Cap Fund,118632,Nippon Large Cap,Open Ended Schemes,22-08-2019,32.77040
Nippon Large Cap,118632,Nippon India Mutual Fund,,INF204K01XI3,Equity Scheme - Large Cap Fund,118632,Nippon Large Cap,Open Ended Schemes,21-08-2019,33.36190
Nippon Large Cap,118632,Nippon India Mutual Fund,,INF204K01XI3,Equity Scheme - Large Cap Fund,118632,Nippon Large Cap,Open Ended Schemes,20-08-2019,33.86280
Nippon Large Cap,118632,Nippon India Mutual Fund,,INF204K01XI3,Equity Scheme - Large Cap Fund,118632,Nippon Large Cap,Open Ended Schemes,19-08-2019,34.08370
Nippon Large Cap,118632,Nippon India Mutual Fund,,INF204K01XI3,Equity Scheme - Large Cap Fund,118632,Nippon Large Cap,Open Ended Schemes,16-08-2019,34.05420
Nippon Large Cap,118632,Nippon India Mutual Fund,,INF204K01XI3,Equity Scheme - Large Cap Fund,118632,Nippon Large Cap,Open Ended Schemes,14-08-2019,33.96390
Nippon Large Cap,118632,Nippon India Mutual Fund,,INF204K01XI3,Equity Scheme - Large Cap Fund,118632,Nippon Large Cap,Open Ended Schemes,13-08-2019,33.58220
Nippon Large Cap,118632,Nippon India Mutual Fund,,INF204K01XI3,Equity Scheme - Large Cap Fund,118632,Nippon Large Cap,Open Ended Schemes,09-08-2019,34.36290
Nippon Large Cap,118632,Nippon India Mutual Fund,,INF204K01XI3,Equity Scheme - Large Cap Fund,118632,Nippon Large Cap,Open Ended Schemes,08-08-2019,34.28030
Nippon Large Cap,118632,Nippon India Mutual Fund,,INF204K01XI3,Equity Scheme - Large Cap Fund,118632,Nippon Large Cap,Open Ended Schemes,07-08-2019,33.84660
Nippon Large Cap,118632,Nippon India Mutual Fund,,INF204K01XI3,Equity Scheme - Large Cap Fund,118632,Nippon Large Cap,Open Ended Schemes,06-08-2019,34.39330
Nippon Large Cap,118632,Nippon India Mutual Fund,,INF204K01XI3,Equity Scheme - Large Cap Fund,118632,Nippon Large Cap,Open Ended Schemes,05-08-2019,34.02760
Nippon Large Cap,118632,Nippon India Mutual Fund,,INF204K01XI3,Equity Scheme - Large Cap Fund,118632,Nippon Large Cap,Open Ended Schemes,02-08-2019,34.46490
Nippon Large Cap,118632,Nippon India Mutual Fund,,INF204K01XI3,Equity Scheme - Large Cap Fund,118632,Nippon Large Cap,Open Ended Schemes,01-08-2019,34.64880
Nippon Large Cap,118632,Nippon India Mutual Fund,,INF204K01XI3,Equity Scheme - Large Cap Fund,118632,Nippon Large Cap,Open Ended Schemes,31-07-2019,35.30530
Nippon Large Cap,118632,Nippon India Mutual Fund,,INF204K01XI3,Equity Scheme - Large Cap Fund,118632,Nippon Large Cap,Open Ended Schemes,30-07-2019,34.98480
Nippon Large Cap,118632,Nippon India Mutual Fund,,INF204K01XI3,Equity Scheme - Large Cap Fund,118632,Nippon Large Cap,Open Ended Schemes,29-07-2019,35.58500
Nippon Large Cap,118632,Nippon India Mutual Fund,,INF204K01XI3,Equity Scheme - Large Cap Fund,118632,Nippon Large Cap,Open Ended Schemes,26-07-2019,35.97040
Nippon Large Cap,118632,Nippon India Mutual Fund,,INF204K01XI3,Equity Scheme - Large Cap Fund,118632,Nippon Large Cap,Open Ended Schemes,25-07-2019,35.80820
Nippon Large Cap,118632,Nippon India Mutual Fund,,INF204K01XI3,Equity Scheme - Large Cap Fund,118632,Nippon Large Cap,Open Ended Schemes,24-07-2019,35.82530
Nippon Large Cap,118632,Nippon India Mutual Fund,,INF204K01XI3,Equity Scheme - Large Cap Fund,118632,Nippon Large Cap,Open Ended Schemes,23-07-2019,36.20090
Nippon Large Cap,118632,Nippon India Mutual Fund,,INF204K01XI3,Equity Scheme - Large Cap Fund,118632,Nippon Large Cap,Open Ended Schemes,22-07-2019,36.34640
Nippon Large Cap,118632,Nippon India Mutual Fund,,INF204K01XI3,Equity Scheme - Large Cap Fund,118632,Nippon Large Cap,Open Ended Schemes,19-07-2019,36.36750
Nippon Large Cap,118632,Nippon India Mutual Fund,,INF204K01XI3,Equity Scheme - Large Cap Fund,118632,Nippon Large Cap,Open Ended Schemes,18-07-2019,36.95060
Nippon Large Cap,118632,Nippon India Mutual Fund,,INF204K01XI3,Equity Scheme - Large Cap Fund,118632,Nippon Large Cap,Open Ended Schemes,17-07-2019,37.50020
Nippon Large Cap,118632,Nippon India Mutual Fund,,INF204K01XI3,Equity Scheme - Large Cap Fund,118632,Nippon Large Cap,Open Ended Schemes,16-07-2019,37.44580
Nippon Large Cap,118632,Nippon India Mutual Fund,,INF204K01XI3,Equity Scheme - Large Cap Fund,118632,Nippon Large Cap,Open Ended Schemes,15-07-2019,37.07600
Nippon Large Cap,118632,Nippon India Mutual Fund,,INF204K01XI3,Equity Scheme - Large Cap Fund,118632,Nippon Large Cap,Open Ended Schemes,12-07-2019,37.22590
Nippon Large Cap,118632,Nippon India Mutual Fund,,INF204K01XI3,Equity Scheme - Large Cap Fund,118632,Nippon Large Cap,Open Ended Schemes,11-07-2019,37.21000
Nippon Large Cap,118632,Nippon India Mutual Fund,,INF204K01XI3,Equity Scheme - Large Cap Fund,118632,Nippon Large Cap,Open Ended Schemes,10-07-2019,36.86280
Nippon Large Cap,118632,Nippon India Mutual Fund,,INF204K01XI3,Equity Scheme - Large Cap Fund,118632,Nippon Large Cap,Open Ended Schemes,09-07-2019,37.22950
Nippon Large Cap,118632,Nippon India Mutual Fund,,INF204K01XI3,Equity Scheme - Large Cap Fund,118632,Nippon Large Cap,Open Ended Schemes,08-07-2019,36.96590
Nippon Large Cap,118632,Nippon India Mutual Fund,,INF204K01XI3,Equity Scheme - Large Cap Fund,118632,Nippon Large Cap,Open Ended Schemes,05-07-2019,37.89950
Nippon Large Cap,118632,Nippon India Mutual Fund,,INF204K01XI3,Equity Scheme - Large Cap Fund,118632,Nippon Large Cap,Open Ended Schemes,04-07-2019,38.40890
Nippon Large Cap,118632,Nippon India Mutual Fund,,INF204K01XI3,Equity Scheme - Large Cap Fund,118632,Nippon Large Cap,Open Ended Schemes,03-07-2019,38.27320
Nippon Large Cap,118632,Nippon India Mutual Fund,,INF204K01XI3,Equity Scheme - Large Cap Fund,118632,Nippon Large Cap,Open Ended Schemes,02-07-2019,38.14920
Nippon Large Cap,118632,Nippon India Mutual Fund,,INF204K01XI3,Equity Scheme - Large Cap Fund,118632,Nippon Large Cap,Open Ended Schemes,01-07-2019,38.12940
Nippon Large Cap,118632,Nippon India Mutual Fund,,INF204K01XI3,Equity Scheme - Large Cap Fund,118632,Nippon Large Cap,Open Ended Schemes,28-06-2019,38.04320
Nippon Large Cap,118632,Nippon India Mutual Fund,,INF204K01XI3,Equity Scheme - Large Cap Fund,118632,Nippon Large Cap,Open Ended Schemes,27-06-2019,38.06380
Nippon Large Cap,118632,Nippon India Mutual Fund,,INF204K01XI3,Equity Scheme - Large Cap Fund,118632,Nippon Large Cap,Open Ended Schemes,26-06-2019,37.88040
Nippon Large Cap,118632,Nippon India Mutual Fund,,INF204K01XI3,Equity Scheme - Large Cap Fund,118632,Nippon Large Cap,Open Ended Schemes,25-06-2019,37.59700
Nippon Large Cap,118632,Nippon India Mutual Fund,,INF204K01XI3,Equity Scheme - Large Cap Fund,118632,Nippon Large Cap,Open Ended Schemes,24-06-2019,37.28180
Nippon Large Cap,118632,Nippon India Mutual Fund,,INF204K01XI3,Equity Scheme - Large Cap Fund,118632,Nippon Large Cap,Open Ended Schemes,21-06-2019,37.29560
Nippon Large Cap,118632,Nippon India Mutual Fund,,INF204K01XI3,Equity Scheme - Large Cap Fund,118632,Nippon Large Cap,Open Ended Schemes,20-06-2019,37.52140
Nippon Large Cap,118632,Nippon India Mutual Fund,,INF204K01XI3,Equity Scheme - Large Cap Fund,118632,Nippon Large Cap,Open Ended Schemes,19-06-2019,36.90910
Nippon Large Cap,118632,Nippon India Mutual Fund,,INF204K01XI3,Equity Scheme - Large Cap Fund,118632,Nippon Large Cap,Open Ended Schemes,18-06-2019,37.04310
Nippon Large Cap,118632,Nippon India Mutual Fund,,INF204K01XI3,Equity Scheme - Large Cap Fund,118632,Nippon Large Cap,Open Ended Schemes,17-06-2019,36.92960
Nippon Large Cap,118632,Nippon India Mutual Fund,,INF204K01XI3,Equity Scheme - Large Cap Fund,118632,Nippon Large Cap,Open Ended Schemes,14-06-2019,37.51800
Nippon Large Cap,118632,Nippon India Mutual Fund,,INF204K01XI3,Equity Scheme - Large Cap Fund,118632,Nippon Large Cap,Open Ended Schemes,13-06-2019,37.81040
Nippon Large Cap,118632,Nippon India Mutual Fund,,INF204K01XI3,Equity Scheme - Large Cap Fund,118632,Nippon Large Cap,Open Ended Schemes,12-06-2019,37.78240
Nippon Large Cap,118632,Nippon India Mutual Fund,,INF204K01XI3,Equity Scheme - Large Cap Fund,118632,Nippon Large Cap,Open Ended Schemes,11-06-2019,37.99050
Nippon Large Cap,118632,Nippon India Mutual Fund,,INF204K01XI3,Equity Scheme - Large Cap Fund,118632,Nippon Large Cap,Open Ended Schemes,10-06-2019,37.82400
Nippon Large Cap,118632,Nippon India Mutual Fund,,INF204K01XI3,Equity Scheme - Large Cap Fund,118632,Nippon Large Cap,Open Ended Schemes,07-06-2019,37.75130
Nippon Large Cap,118632,Nippon India Mutual Fund,,INF204K01XI3,Equity Scheme - Large Cap Fund,118632,Nippon Large Cap,Open Ended Schemes,06-06-2019,37.72420
Nippon Large Cap,118632,Nippon India Mutual Fund,,INF204K01XI3,Equity Scheme - Large Cap Fund,118632,Nippon Large Cap,Open Ended Schemes,04-06-2019,38.58490
Nippon Large Cap,118632,Nippon India Mutual Fund,,INF204K01XI3,Equity Scheme - Large Cap Fund,118632,Nippon Large Cap,Open Ended Schemes,03-06-2019,38.76460
Nippon Large Cap,118632,Nippon India Mutual Fund,,INF204K01XI3,Equity Scheme - Large Cap Fund,118632,Nippon Large Cap,Open Ended Schemes,31-05-2019,38.55530
Nippon Large Cap,118632,Nippon India Mutual Fund,,INF204K01XI3,Equity Scheme - Large Cap Fund,118632,Nippon Large Cap,Open Ended Schemes,30-05-2019,38.65570
Nippon Large Cap,118632,Nippon India Mutual Fund,,INF204K01XI3,Equity Scheme - Large Cap Fund,118632,Nippon Large Cap,Open Ended Schemes,29-05-2019,38.46520
Nippon Large Cap,118632,Nippon India Mutual Fund,,INF204K01XI3,Equity Scheme - Large Cap Fund,118632,Nippon Large Cap,Open Ended Schemes,28-05-2019,38.97150
Nippon Large Cap,118632,Nippon India Mutual Fund,,INF204K01XI3,Equity Scheme - Large Cap Fund,118632,Nippon Large Cap,Open Ended Schemes,27-05-2019,39.08660
Nippon Large Cap,118632,Nippon India Mutual Fund,,INF204K01XI3,Equity Scheme - Large Cap Fund,118632,Nippon Large Cap,Open Ended Schemes,24-05-2019,38.42860
Nippon Large Cap,118632,Nippon India Mutual Fund,,INF204K01XI3,Equity Scheme - Large Cap Fund,118632,Nippon Large Cap,Open Ended Schemes,23-05-2019,37.33260
Nippon Large Cap,118632,Nippon India Mutual Fund,,INF204K01XI3,Equity Scheme - Large Cap Fund,118632,Nippon Large Cap,Open Ended Schemes,22-05-2019,37.43460
Nippon Large Cap,118632,Nippon India Mutual Fund,,INF204K01XI3,Equity Scheme - Large Cap Fund,118632,Nippon Large Cap,Open Ended Schemes,21-05-2019,37.30590
Nippon Large Cap,118632,Nippon India Mutual Fund,,INF204K01XI3,Equity Scheme - Large Cap Fund,118632,Nippon Large Cap,Open Ended Schemes,20-05-2019,37.80090
Nippon Large Cap,118632,Nippon India Mutual Fund,,INF204K01XI3,Equity Scheme - Large Cap Fund,118632,Nippon Large Cap,Open Ended Schemes,17-05-2019,36.15110
Nippon Large Cap,118632,Nippon India Mutual Fund,,INF204K01XI3,Equity Scheme - Large Cap Fund,118632,Nippon Large Cap,Open Ended Schemes,16-05-2019,35.88490
Nippon Large Cap,118632,Nippon India Mutual Fund,,INF204K01XI3,Equity Scheme - Large Cap Fund,118632,Nippon Large Cap,Open Ended Schemes,15-05-2019,35.55070
Nippon Large Cap,118632,Nippon India Mutual Fund,,INF204K01XI3,Equity Scheme - Large Cap Fund,118632,Nippon Large Cap,Open Ended Schemes,14-05-2019,35.83030
Nippon Large Cap,118632,Nippon India Mutual Fund,,INF204K01XI3,Equity Scheme - Large Cap Fund,118632,Nippon Large Cap,Open Ended Schemes,13-05-2019,35.39010
Nippon Large Cap,118632,Nippon India Mutual Fund,,INF204K01XI3,Equity Scheme - Large Cap Fund,118632,Nippon Large Cap,Open Ended Schemes,10-05-2019,36.11120
Nippon Large Cap,118632,Nippon India Mutual Fund,,INF204K01XI3,Equity Scheme - Large Cap Fund,118632,Nippon Large Cap,Open Ended Schemes,09-05-2019,36.10980
Nippon Large Cap,118632,Nippon India Mutual Fund,,INF204K01XI3,Equity Scheme - Large Cap Fund,118632,Nippon Large Cap,Open Ended Schemes,08-05-2019,36.28780
Nippon Large Cap,118632,Nippon India Mutual Fund,,INF204K01XI3,Equity Scheme - Large Cap Fund,118632,Nippon Large Cap,Open Ended Schemes,07-05-2019,36.71430
Nippon Large Cap,118632,Nippon India Mutual Fund,,INF204K01XI3,Equity Scheme - Large Cap Fund,118632,Nippon Large Cap,Open Ended Schemes,06-05-2019,37.12910
Nippon Large Cap,118632,Nippon India Mutual Fund,,INF204K01XI3,Equity Scheme - Large Cap Fund,118632,Nippon Large Cap,Open Ended Schemes,03-05-2019,37.39600
Nippon Large Cap,118632,Nippon India Mutual Fund,,INF204K01XI3,Equity Scheme - Large Cap Fund,118632,Nippon Large Cap,Open Ended Schemes,02-05-2019,37.27020
Nippon Large Cap,118632,Nippon India Mutual Fund,,INF204K01XI3,Equity Scheme - Large Cap Fund,118632,Nippon Large Cap,Open Ended Schemes,30-04-2019,37.56060
Nippon Large Cap,118632,Nippon India Mutual Fund,,INF204K01XI3,Equity Scheme - Large Cap Fund,118632,Nippon Large Cap,Open Ended Schemes,26-04-2019,37.62510
Nippon Large Cap,118632,Nippon India Mutual Fund,,INF204K01XI3,Equity Scheme - Large Cap Fund,118632,Nippon Large Cap,Open Ended Schemes,25-04-2019,37.23070
Nippon Large Cap,118632,Nippon India Mutual Fund,,INF204K01XI3,Equity Scheme - Large Cap Fund,118632,Nippon Large Cap,Open Ended Schemes,24-04-2019,37.46770
Nippon Large Cap,118632,Nippon India Mutual Fund,,INF204K01XI3,Equity Scheme - Large Cap Fund,118632,Nippon Large Cap,Open Ended Schemes,23-04-2019,37.11990
Nippon Large Cap,118632,Nippon India Mutual Fund,,INF204K01XI3,Equity Scheme - Large Cap Fund,118632,Nippon Large Cap,Open Ended Schemes,22-04-2019,37.19650
Nippon Large Cap,118632,Nippon India Mutual Fund,,INF204K01XI3,Equity Scheme - Large Cap Fund,118632,Nippon Large Cap,Open Ended Schemes,18-04-2019,37.72300
Nippon Large Cap,118632,Nippon India Mutual Fund,,INF204K01XI3,Equity Scheme - Large Cap Fund,118632,Nippon Large Cap,Open Ended Schemes,16-04-2019,37.92690
Nippon Large Cap,118632,Nippon India Mutual Fund,,INF204K01XI3,Equity Scheme - Large Cap Fund,118632,Nippon Large Cap,Open Ended Schemes,15-04-2019,37.78080
Nippon Large Cap,118632,Nippon India Mutual Fund,,INF204K01XI3,Equity Scheme - Large Cap Fund,118632,Nippon Large Cap,Open Ended Schemes,12-04-2019,37.65320
Nippon Large Cap,118632,Nippon India Mutual Fund,,INF204K01XI3,Equity Scheme - Large Cap Fund,118632,Nippon Large Cap,Open Ended Schemes,11-04-2019,37.43610
Nippon Large Cap,118632,Nippon India Mutual Fund,,INF204K01XI3,Equity Scheme - Large Cap Fund,118632,Nippon Large Cap,Open Ended Schemes,10-04-2019,37.37800
Nippon Large Cap,118632,Nippon India Mutual Fund,,INF204K01XI3,Equity Scheme - Large Cap Fund,118632,Nippon Large Cap,Open Ended Schemes,09-04-2019,37.50770
Nippon Large Cap,118632,Nippon India Mutual Fund,,INF204K01XI3,Equity Scheme - Large Cap Fund,118632,Nippon Large Cap,Open Ended Schemes,08-04-2019,37.22410
Nippon Large Cap,118632,Nippon India Mutual Fund,,INF204K01XI3,Equity Scheme - Large Cap Fund,118632,Nippon Large Cap,Open Ended Schemes,05-04-2019,37.51910
Nippon Large Cap,118632,Nippon India Mutual Fund,,INF204K01XI3,Equity Scheme - Large Cap Fund,118632,Nippon Large Cap,Open Ended Schemes,04-04-2019,37.32020
Nippon Large Cap,118632,Nippon India Mutual Fund,,INF204K01XI3,Equity Scheme - Large Cap Fund,118632,Nippon Large Cap,Open Ended Schemes,03-04-2019,37.43400
Nippon Large Cap,118632,Nippon India Mutual Fund,,INF204K01XI3,Equity Scheme - Large Cap Fund,118632,Nippon Large Cap,Open Ended Schemes,02-04-2019,37.87380
Nippon Large Cap,118632,Nippon India Mutual Fund,,INF204K01XI3,Equity Scheme - Large Cap Fund,118632,Nippon Large Cap,Open Ended Schemes,01-04-2019,37.73960
Nippon Large Cap,118632,Nippon India Mutual Fund,,INF204K01XI3,Equity Scheme - Large Cap Fund,118632,Nippon Large Cap,Open Ended Schemes,29-03-2019,37.49490
Nippon Large Cap,118632,Nippon India Mutual Fund,,INF204K01XI3,Equity Scheme - Large Cap Fund,118632,Nippon Large Cap,Open Ended Schemes,28-03-2019,37.23350
Nippon Large Cap,118632,Nippon India Mutual Fund,,INF204K01XI3,Equity Scheme - Large Cap Fund,118632,Nippon Large Cap,Open Ended Schemes,27-03-2019,36.72120
Nippon Large Cap,118632,Nippon India Mutual Fund,,INF204K01XI3,Equity Scheme - Large Cap Fund,118632,Nippon Large Cap,Open Ended Schemes,26-03-2019,36.77060
Nippon Large Cap,118632,Nippon India Mutual Fund,,INF204K01XI3,Equity Scheme - Large Cap Fund,118632,Nippon Large Cap,Open Ended Schemes,25-03-2019,36.39790
Nippon Large Cap,118632,Nippon India Mutual Fund,,INF204K01XI3,Equity Scheme - Large Cap Fund,118632,Nippon Large Cap,Open Ended Schemes,22-03-2019,36.65170
Nippon Large Cap,118632,Nippon India Mutual Fund,,INF204K01XI3,Equity Scheme - Large Cap Fund,118632,Nippon Large Cap,Open Ended Schemes,20-03-2019,36.89440
Nippon Large Cap,118632,Nippon India Mutual Fund,,INF204K01XI3,Equity Scheme - Large Cap Fund,118632,Nippon Large Cap,Open Ended Schemes,19-03-2019,37.04190
Nippon Large Cap,118632,Nippon India Mutual Fund,,INF204K01XI3,Equity Scheme - Large Cap Fund,118632,Nippon Large Cap,Open Ended Schemes,18-03-2019,36.84200
Nippon Large Cap,118632,Nippon India Mutual Fund,,INF204K01XI3,Equity Scheme - Large Cap Fund,118632,Nippon Large Cap,Open Ended Schemes,15-03-2019,36.70070
Nippon Large Cap,118632,Nippon India Mutual Fund,,INF204K01XI3,Equity Scheme - Large Cap Fund,118632,Nippon Large Cap,Open Ended Schemes,14-03-2019,36.45980
Nippon Large Cap,118632,Nippon India Mutual Fund,,INF204K01XI3,Equity Scheme - Large Cap Fund,118632,Nippon Large Cap,Open Ended Schemes,13-03-2019,36.47390
Nippon Large Cap,118632,Nippon India Mutual Fund,,INF204K01XI3,Equity Scheme - Large Cap Fund,118632,Nippon Large Cap,Open Ended Schemes,12-03-2019,36.40040
Nippon Large Cap,118632,Nippon India Mutual Fund,,INF204K01XI3,Equity Scheme - Large Cap Fund,118632,Nippon Large Cap,Open Ended Schemes,11-03-2019,36.04210
Nippon Large Cap,118632,Nippon India Mutual Fund,,INF204K01XI3,Equity Scheme - Large Cap Fund,118632,Nippon Large Cap,Open Ended Schemes,08-03-2019,35.49240
Nippon Large Cap,118632,Nippon India Mutual Fund,,INF204K01XI3,Equity Scheme - Large Cap Fund,118632,Nippon Large Cap,Open Ended Schemes,07-03-2019,35.59070
Nippon Large Cap,118632,Nippon India Mutual Fund,,INF204K01XI3,Equity Scheme - Large Cap Fund,118632,Nippon Large Cap,Open Ended Schemes,06-03-2019,35.52010
Nippon Large Cap,118632,Nippon India Mutual Fund,,INF204K01XI3,Equity Scheme - Large Cap Fund,118632,Nippon Large Cap,Open Ended Schemes,05-03-2019,35.40160
Nippon Large Cap,118632,Nippon India Mutual Fund,,INF204K01XI3,Equity Scheme - Large Cap Fund,118632,Nippon Large Cap,Open Ended Schemes,01-03-2019,34.71490
Nippon Large Cap,118632,Nippon India Mutual Fund,,INF204K01XI3,Equity Scheme - Large Cap Fund,118632,Nippon Large Cap,Open Ended Schemes,28-02-2019,34.34140
Nippon Large Cap,118632,Nippon India Mutual Fund,,INF204K01XI3,Equity Scheme - Large Cap Fund,118632,Nippon Large Cap,Open Ended Schemes,27-02-2019,34.27670
Nippon Large Cap,118632,Nippon India Mutual Fund,,INF204K01XI3,Equity Scheme - Large Cap Fund,118632,Nippon Large Cap,Open Ended Schemes,26-02-2019,34.26920
Nippon Large Cap,118632,Nippon India Mutual Fund,,INF204K01XI3,Equity Scheme - Large Cap Fund,118632,Nippon Large Cap,Open Ended Schemes,25-02-2019,34.36860
Nippon Large Cap,118632,Nippon India Mutual Fund,,INF204K01XI3,Equity Scheme - Large Cap Fund,118632,Nippon Large Cap,Open Ended Schemes,22-02-2019,34.23430
Nippon Large Cap,118632,Nippon India Mutual Fund,,INF204K01XI3,Equity Scheme - Large Cap Fund,118632,Nippon Large Cap,Open Ended Schemes,21-02-2019,34.02800
Nippon Large Cap,118632,Nippon India Mutual Fund,,INF204K01XI3,Equity Scheme - Large Cap Fund,118632,Nippon Large Cap,Open Ended Schemes,20-02-2019,33.76540
Nippon Large Cap,118632,Nippon India Mutual Fund,,INF204K01XI3,Equity Scheme - Large Cap Fund,118632,Nippon Large Cap,Open Ended Schemes,19-02-2019,33.35080
Nippon Large Cap,118632,Nippon India Mutual Fund,,INF204K01XI3,Equity Scheme - Large Cap Fund,118632,Nippon Large Cap,Open Ended Schemes,18-02-2019,33.22000
Nippon Large Cap,118632,Nippon India Mutual Fund,,INF204K01XI3,Equity Scheme - Large Cap Fund,118632,Nippon Large Cap,Open Ended Schemes,15-02-2019,33.49740
Nippon Large Cap,118632,Nippon India Mutual Fund,,INF204K01XI3,Equity Scheme - Large Cap Fund,118632,Nippon Large Cap,Open Ended Schemes,14-02-2019,33.72640
Nippon Large Cap,118632,Nippon India Mutual Fund,,INF204K01XI3,Equity Scheme - Large Cap Fund,118632,Nippon Large Cap,Open Ended Schemes,13-02-2019,33.83430
Nippon Large Cap,118632,Nippon India Mutual Fund,,INF204K01XI3,Equity Scheme - Large Cap Fund,118632,Nippon Large Cap,Open Ended Schemes,12-02-2019,34.07350
Nippon Large Cap,118632,Nippon India Mutual Fund,,INF204K01XI3,Equity Scheme - Large Cap Fund,118632,Nippon Large Cap,Open Ended Schemes,11-02-2019,34.12410
Nippon Large Cap,118632,Nippon India Mutual Fund,,INF204K01XI3,Equity Scheme - Large Cap Fund,118632,Nippon Large Cap,Open Ended Schemes,08-02-2019,34.43310
Nippon Large Cap,118632,Nippon India Mutual Fund,,INF204K01XI3,Equity Scheme - Large Cap Fund,118632,Nippon Large Cap,Open Ended Schemes,07-02-2019,35.00780
Nippon Large Cap,118632,Nippon India Mutual Fund,,INF204K01XI3,Equity Scheme - Large Cap Fund,118632,Nippon Large Cap,Open Ended Schemes,06-02-2019,34.87020
Nippon Large Cap,118632,Nippon India Mutual Fund,,INF204K01XI3,Equity Scheme - Large Cap Fund,118632,Nippon Large Cap,Open Ended Schemes,05-02-2019,34.46630
Nippon Large Cap,118632,Nippon India Mutual Fund,,INF204K01XI3,Equity Scheme - Large Cap Fund,118632,Nippon Large Cap,Open Ended Schemes,04-02-2019,34.58590
Nippon Large Cap,118632,Nippon India Mutual Fund,,INF204K01XI3,Equity Scheme - Large Cap Fund,118632,Nippon Large Cap,Open Ended Schemes,01-02-2019,34.76780
Nippon Large Cap,118632,Nippon India Mutual Fund,,INF204K01XI3,Equity Scheme - Large Cap Fund,118632,Nippon Large Cap,Open Ended Schemes,31-01-2019,34.85390
Nippon Large Cap,118632,Nippon India Mutual Fund,,INF204K01XI3,Equity Scheme - Large Cap Fund,118632,Nippon Large Cap,Open Ended Schemes,30-01-2019,34.34060
Nippon Large Cap,118632,Nippon India Mutual Fund,,INF204K01XI3,Equity Scheme - Large Cap Fund,118632,Nippon Large Cap,Open Ended Schemes,29-01-2019,34.00230
Nippon Large Cap,118632,Nippon India Mutual Fund,,INF204K01XI3,Equity Scheme - Large Cap Fund,118632,Nippon Large Cap,Open Ended Schemes,28-01-2019,33.82540
Nippon Large Cap,118632,Nippon India Mutual Fund,,INF204K01XI3,Equity Scheme - Large Cap Fund,118632,Nippon Large Cap,Open Ended Schemes,25-01-2019,34.39710
Nippon Large Cap,118632,Nippon India Mutual Fund,,INF204K01XI3,Equity Scheme - Large Cap Fund,118632,Nippon Large Cap,Open Ended Schemes,24-01-2019,34.54760
Nippon Large Cap,118632,Nippon India Mutual Fund,,INF204K01XI3,Equity Scheme - Large Cap Fund,118632,Nippon Large Cap,Open Ended Schemes,23-01-2019,34.67410
Nippon Large Cap,118632,Nippon India Mutual Fund,,INF204K01XI3,Equity Scheme - Large Cap Fund,118632,Nippon Large Cap,Open Ended Schemes,22-01-2019,34.86800
Nippon Large Cap,118632,Nippon India Mutual Fund,,INF204K01XI3,Equity Scheme - Large Cap Fund,118632,Nippon Large Cap,Open Ended Schemes,21-01-2019,34.86570
Nippon Large Cap,118632,Nippon India Mutual Fund,,INF204K01XI3,Equity Scheme - Large Cap Fund,118632,Nippon Large Cap,Open Ended Schemes,18-01-2019,34.93640
Nippon Large Cap,118632,Nippon India Mutual Fund,,INF204K01XI3,Equity Scheme - Large Cap Fund,118632,Nippon Large Cap,Open Ended Schemes,17-01-2019,35.32350
Nippon Large Cap,118632,Nippon India Mutual Fund,,INF204K01XI3,Equity Scheme - Large Cap Fund,118632,Nippon Large Cap,Open Ended Schemes,16-01-2019,35.37400
Nippon Large Cap,118632,Nippon India Mutual Fund,,INF204K01XI3,Equity Scheme - Large Cap Fund,118632,Nippon Large Cap,Open Ended Schemes,15-01-2019,35.36640
Nippon Large Cap,118632,Nippon India Mutual Fund,,INF204K01XI3,Equity Scheme - Large Cap Fund,118632,Nippon Large Cap,Open Ended Schemes,14-01-2019,35.07260
Nippon Large Cap,118632,Nippon India Mutual Fund,,INF204K01XI3,Equity Scheme - Large Cap Fund,118632,Nippon Large Cap,Open Ended Schemes,11-01-2019,35.23160
Nippon Large Cap,118632,Nippon India Mutual Fund,,INF204K01XI3,Equity Scheme - Large Cap Fund,118632,Nippon Large Cap,Open Ended Schemes,10-01-2019,35.32850
Nippon Large Cap,118632,Nippon India Mutual Fund,,INF204K01XI3,Equity Scheme - Large Cap Fund,118632,Nippon Large Cap,Open Ended Schemes,09-01-2019,35.23840
Nippon Large Cap,118632,Nippon India Mutual Fund,,INF204K01XI3,Equity Scheme - Large Cap Fund,118632,Nippon Large Cap,Open Ended Schemes,08-01-2019,35.12670
Nippon Large Cap,118632,Nippon India Mutual Fund,,INF204K01XI3,Equity Scheme - Large Cap Fund,118632,Nippon Large Cap,Open Ended Schemes,07-01-2019,34.87270
Nippon Large Cap,118632,Nippon India Mutual Fund,,INF204K01XI3,Equity Scheme - Large Cap Fund,118632,Nippon Large Cap,Open Ended Schemes,04-01-2019,34.77140
Nippon Large Cap,118632,Nippon India Mutual Fund,,INF204K01XI3,Equity Scheme - Large Cap Fund,118632,Nippon Large Cap,Open Ended Schemes,03-01-2019,34.51530
Nippon Large Cap,118632,Nippon India Mutual Fund,,INF204K01XI3,Equity Scheme - Large Cap Fund,118632,Nippon Large Cap,Open Ended Schemes,02-01-2019,34.86370
Nippon Large Cap,118632,Nippon India Mutual Fund,,INF204K01XI3,Equity Scheme - Large Cap Fund,118632,Nippon Large Cap,Open Ended Schemes,01-01-2019,35.30610
Nippon Large Cap,118632,Nippon India Mutual Fund,,INF204K01XI3,Equity Scheme - Large Cap Fund,118632,Nippon Large Cap,Open Ended Schemes,31-12-2018,35.09990
Nippon Large Cap,118632,Nippon India Mutual Fund,,INF204K01XI3,Equity Scheme - Large Cap Fund,118632,Nippon Large Cap,Open Ended Schemes,28-12-2018,35.03310
Nippon Large Cap,118632,Nippon India Mutual Fund,,INF204K01XI3,Equity Scheme - Large Cap Fund,118632,Nippon Large Cap,Open Ended Schemes,27-12-2018,34.67620
Nippon Large Cap,118632,Nippon India Mutual Fund,,INF204K01XI3,Equity Scheme - Large Cap Fund,118632,Nippon Large Cap,Open Ended Schemes,26-12-2018,34.64070
Nippon Large Cap,118632,Nippon India Mutual Fund,,INF204K01XI3,Equity Scheme - Large Cap Fund,118632,Nippon Large Cap,Open Ended Schemes,24-12-2018,34.46700
Nippon Large Cap,118632,Nippon India Mutual Fund,,INF204K01XI3,Equity Scheme - Large Cap Fund,118632,Nippon Large Cap,Open Ended Schemes,21-12-2018,34.70410
Nippon Large Cap,118632,Nippon India Mutual Fund,,INF204K01XI3,Equity Scheme - Large Cap Fund,118632,Nippon Large Cap,Open Ended Schemes,20-12-2018,35.15210
Nippon Large Cap,118632,Nippon India Mutual Fund,,INF204K01XI3,Equity Scheme - Large Cap Fund,118632,Nippon Large Cap,Open Ended Schemes,19-12-2018,35.26290
Nippon Large Cap,118632,Nippon India Mutual Fund,,INF204K01XI3,Equity Scheme - Large Cap Fund,118632,Nippon Large Cap,Open Ended Schemes,18-12-2018,34.93660
Nippon Large Cap,118632,Nippon India Mutual Fund,,INF204K01XI3,Equity Scheme - Large Cap Fund,118632,Nippon Large Cap,Open Ended Schemes,17-12-2018,34.80870
Nippon Large Cap,118632,Nippon India Mutual Fund,,INF204K01XI3,Equity Scheme - Large Cap Fund,118632,Nippon Large Cap,Open Ended Schemes,14-12-2018,34.60990
Nippon Large Cap,118632,Nippon India Mutual Fund,,INF204K01XI3,Equity Scheme - Large Cap Fund,118632,Nippon Large Cap,Open Ended Schemes,13-12-2018,34.54410
Nippon Large Cap,118632,Nippon India Mutual Fund,,INF204K01XI3,Equity Scheme - Large Cap Fund,118632,Nippon Large Cap,Open Ended Schemes,12-12-2018,34.42920
Nippon Large Cap,118632,Nippon India Mutual Fund,,INF204K01XI3,Equity Scheme - Large Cap Fund,118632,Nippon Large Cap,Open Ended Schemes,11-12-2018,33.71440
Nippon Large Cap,118632,Nippon India Mutual Fund,,INF204K01XI3,Equity Scheme - Large Cap Fund,118632,Nippon Large Cap,Open Ended Schemes,10-12-2018,33.39580
Nippon Large Cap,118632,Nippon India Mutual Fund,,INF204K01XI3,Equity Scheme - Large Cap Fund,118632,Nippon Large Cap,Open Ended Schemes,07-12-2018,33.80790
Nippon Large Cap,118632,Nippon India Mutual Fund,,INF204K01XI3,Equity Scheme - Large Cap Fund,118632,Nippon Large Cap,Open Ended Schemes,06-12-2018,33.74220
Nippon Large Cap,118632,Nippon India Mutual Fund,,INF204K01XI3,Equity Scheme - Large Cap Fund,118632,Nippon Large Cap,Open Ended Schemes,05-12-2018,34.18410
Nippon Large Cap,118632,Nippon India Mutual Fund,,INF204K01XI3,Equity Scheme - Large Cap Fund,118632,Nippon Large Cap,Open Ended Schemes,04-12-2018,34.73410
Nippon Large Cap,118632,Nippon India Mutual Fund,,INF204K01XI3,Equity Scheme - Large Cap Fund,118632,Nippon Large Cap,Open Ended Schemes,03-12-2018,34.63680
Nippon Large Cap,118632,Nippon India Mutual Fund,,INF204K01XI3,Equity Scheme - Large Cap Fund,118632,Nippon Large Cap,Open Ended Schemes,30-11-2018,34.61950
Nippon Large Cap,118632,Nippon India Mutual Fund,,INF204K01XI3,Equity Scheme - Large Cap Fund,118632,Nippon Large Cap,Open Ended Schemes,29-11-2018,34.59760
Nippon Large Cap,118632,Nippon India Mutual Fund,,INF204K01XI3,Equity Scheme - Large Cap Fund,118632,Nippon Large Cap,Open Ended Schemes,28-11-2018,34.25060
Nippon Large Cap,118632,Nippon India Mutual Fund,,INF204K01XI3,Equity Scheme - Large Cap Fund,118632,Nippon Large Cap,Open Ended Schemes,27-11-2018,34.49330
Nippon Large Cap,118632,Nippon India Mutual Fund,,INF204K01XI3,Equity Scheme - Large Cap Fund,118632,Nippon Large Cap,Open Ended Schemes,26-11-2018,34.37680
Nippon Large Cap,118632,Nippon India Mutual Fund,,INF204K01XI3,Equity Scheme - Large Cap Fund,118632,Nippon Large Cap,Open Ended Schemes,22-11-2018,34.18820
Nippon Large Cap,118632,Nippon India Mutual Fund,,INF204K01XI3,Equity Scheme - Large Cap Fund,118632,Nippon Large Cap,Open Ended Schemes,21-11-2018,34.49150
Nippon Large Cap,118632,Nippon India Mutual Fund,,INF204K01XI3,Equity Scheme - Large Cap Fund,118632,Nippon Large Cap,Open Ended Schemes,20-11-2018,34.35440
Nippon Large Cap,118632,Nippon India Mutual Fund,,INF204K01XI3,Equity Scheme - Large Cap Fund,118632,Nippon Large Cap,Open Ended Schemes,19-11-2018,34.71940
Nippon Large Cap,118632,Nippon India Mutual Fund,,INF204K01XI3,Equity Scheme - Large Cap Fund,118632,Nippon Large Cap,Open Ended Schemes,16-11-2018,34.64070
Nippon Large Cap,118632,Nippon India Mutual Fund,,INF204K01XI3,Equity Scheme - Large Cap Fund,118632,Nippon Large Cap,Open Ended Schemes,15-11-2018,34.47930
Nippon Large Cap,118632,Nippon India Mutual Fund,,INF204K01XI3,Equity Scheme - Large Cap Fund,118632,Nippon Large Cap,Open Ended Schemes,14-11-2018,34.19790
Nippon Large Cap,118632,Nippon India Mutual Fund,,INF204K01XI3,Equity Scheme - Large Cap Fund,118632,Nippon Large Cap,Open Ended Schemes,13-11-2018,34.16870
Nippon Large Cap,118632,Nippon India Mutual Fund,,INF204K01XI3,Equity Scheme - Large Cap Fund,118632,Nippon Large Cap,Open Ended Schemes,12-11-2018,33.93510
Nippon Large Cap,118632,Nippon India Mutual Fund,,INF204K01XI3,Equity Scheme - Large Cap Fund,118632,Nippon Large Cap,Open Ended Schemes,09-11-2018,34.38110
Nippon Large Cap,118632,Nippon India Mutual Fund,,INF204K01XI3,Equity Scheme - Large Cap Fund,118632,Nippon Large Cap,Open Ended Schemes,06-11-2018,34.13480
Nippon Large Cap,118632,Nippon India Mutual Fund,,INF204K01XI3,Equity Scheme - Large Cap Fund,118632,Nippon Large Cap,Open Ended Schemes,05-11-2018,34.31610
Nippon Large Cap,118632,Nippon India Mutual Fund,,INF204K01XI3,Equity Scheme - Large Cap Fund,118632,Nippon Large Cap,Open Ended Schemes,02-11-2018,34.39980
Nippon Large Cap,118632,Nippon India Mutual Fund,,INF204K01XI3,Equity Scheme - Large Cap Fund,118632,Nippon Large Cap,Open Ended Schemes,01-11-2018,33.95840
Nippon Large Cap,118632,Nippon India Mutual Fund,,INF204K01XI3,Equity Scheme - Large Cap Fund,118632,Nippon Large Cap,Open Ended Schemes,31-10-2018,33.76810
Nippon Large Cap,118632,Nippon India Mutual Fund,,INF204K01XI3,Equity Scheme - Large Cap Fund,118632,Nippon Large Cap,Open Ended Schemes,30-10-2018,33.13050
Nippon Large Cap,118632,Nippon India Mutual Fund,,INF204K01XI3,Equity Scheme - Large Cap Fund,118632,Nippon Large Cap,Open Ended Schemes,29-10-2018,33.09370
Nippon Large Cap,118632,Nippon India Mutual Fund,,INF204K01XI3,Equity Scheme - Large Cap Fund,118632,Nippon Large Cap,Open Ended Schemes,26-10-2018,31.99370
Nippon Large Cap,118632,Nippon India Mutual Fund,,INF204K01XI3,Equity Scheme - Large Cap Fund,118632,Nippon Large Cap,Open Ended Schemes,25-10-2018,32.14100
Nippon Large Cap,118632,Nippon India Mutual Fund,,INF204K01XI3,Equity Scheme - Large Cap Fund,118632,Nippon Large Cap,Open Ended Schemes,24-10-2018,32.36930
Nippon Large Cap,118632,Nippon India Mutual Fund,,INF204K01XI3,Equity Scheme - Large Cap Fund,118632,Nippon Large Cap,Open Ended Schemes,23-10-2018,32.04030
Nippon Large Cap,118632,Nippon India Mutual Fund,,INF204K01XI3,Equity Scheme - Large Cap Fund,118632,Nippon Large Cap,Open Ended Schemes,22-10-2018,32.39550
Nippon Large Cap,118632,Nippon India Mutual Fund,,INF204K01XI3,Equity Scheme - Large Cap Fund,118632,Nippon Large Cap,Open Ended Schemes,19-10-2018,32.54490
Nippon Large Cap,118632,Nippon India Mutual Fund,,INF204K01XI3,Equity Scheme - Large Cap Fund,118632,Nippon Large Cap,Open Ended Schemes,17-10-2018,32.71940
Nippon Large Cap,118632,Nippon India Mutual Fund,,INF204K01XI3,Equity Scheme - Large Cap Fund,118632,Nippon Large Cap,Open Ended Schemes,16-10-2018,33.29690
Nippon Large Cap,118632,Nippon India Mutual Fund,,INF204K01XI3,Equity Scheme - Large Cap Fund,118632,Nippon Large Cap,Open Ended Schemes,15-10-2018,32.98680
Nippon Large Cap,118632,Nippon India Mutual Fund,,INF204K01XI3,Equity Scheme - Large Cap Fund,118632,Nippon Large Cap,Open Ended Schemes,12-10-2018,32.85170
Nippon Large Cap,118632,Nippon India Mutual Fund,,INF204K01XI3,Equity Scheme - Large Cap Fund,118632,Nippon Large Cap,Open Ended Schemes,11-10-2018,32.25140
Nippon Large Cap,118632,Nippon India Mutual Fund,,INF204K01XI3,Equity Scheme - Large Cap Fund,118632,Nippon Large Cap,Open Ended Schemes,10-10-2018,33.02320
Nippon Large Cap,118632,Nippon India Mutual Fund,,INF204K01XI3,Equity Scheme - Large Cap Fund,118632,Nippon Large Cap,Open Ended Schemes,09-10-2018,32.21680
Nippon Large Cap,118632,Nippon India Mutual Fund,,INF204K01XI3,Equity Scheme - Large Cap Fund,118632,Nippon Large Cap,Open Ended Schemes,08-10-2018,32.37100
Nippon Large Cap,118632,Nippon India Mutual Fund,,INF204K01XI3,Equity Scheme - Large Cap Fund,118632,Nippon Large Cap,Open Ended Schemes,05-10-2018,32.56540
Nippon Large Cap,118632,Nippon India Mutual Fund,,INF204K01XI3,Equity Scheme - Large Cap Fund,118632,Nippon Large Cap,Open Ended Schemes,04-10-2018,33.57290
Nippon Large Cap,118632,Nippon India Mutual Fund,,INF204K01XI3,Equity Scheme - Large Cap Fund,118632,Nippon Large Cap,Open Ended Schemes,03-10-2018,34.11880
Nippon Large Cap,118632,Nippon India Mutual Fund,,INF204K01XI3,Equity Scheme - Large Cap Fund,118632,Nippon Large Cap,Open Ended Schemes,01-10-2018,34.38800
Nippon Large Cap,118632,Nippon India Mutual Fund,,INF204K01XI3,Equity Scheme - Large Cap Fund,118632,Nippon Large Cap,Open Ended Schemes,28-09-2018,34.21380
Nippon Large Cap,118632,Nippon India Mutual Fund,,INF204K01XI3,Equity Scheme - Large Cap Fund,118632,Nippon Large Cap,Open Ended Schemes,27-09-2018,34.51340
Nippon Large Cap,118632,Nippon India Mutual Fund,,INF204K01XI3,Equity Scheme - Large Cap Fund,118632,Nippon Large Cap,Open Ended Schemes,26-09-2018,34.90640
Nippon Large Cap,118632,Nippon India Mutual Fund,,INF204K01XI3,Equity Scheme - Large Cap Fund,118632,Nippon Large Cap,Open Ended Schemes,25-09-2018,34.94950
Nippon Large Cap,118632,Nippon India Mutual Fund,,INF204K01XI3,Equity Scheme - Large Cap Fund,118632,Nippon Large Cap,Open Ended Schemes,24-09-2018,34.64840
Nippon Large Cap,118632,Nippon India Mutual Fund,,INF204K01XI3,Equity Scheme - Large Cap Fund,118632,Nippon Large Cap,Open Ended Schemes,21-09-2018,35.39250
Nippon Large Cap,118632,Nippon India Mutual Fund,,INF204K01XI3,Equity Scheme - Large Cap Fund,118632,Nippon Large Cap,Open Ended Schemes,19-09-2018,35.62030
Nippon Large Cap,118632,Nippon India Mutual Fund,,INF204K01XI3,Equity Scheme - Large Cap Fund,118632,Nippon Large Cap,Open Ended Schemes,18-09-2018,35.64780
Nippon Large Cap,118632,Nippon India Mutual Fund,,INF204K01XI3,Equity Scheme - Large Cap Fund,118632,Nippon Large Cap,Open Ended Schemes,17-09-2018,36.23360
Nippon Large Cap,118632,Nippon India Mutual Fund,,INF204K01XI3,Equity Scheme - Large Cap Fund,118632,Nippon Large Cap,Open Ended Schemes,14-09-2018,36.61820
Nippon Large Cap,118632,Nippon India Mutual Fund,,INF204K01XI3,Equity Scheme - Large Cap Fund,118632,Nippon Large Cap,Open Ended Schemes,12-09-2018,36.17580
Nippon Large Cap,118632,Nippon India Mutual Fund,,INF204K01XI3,Equity Scheme - Large Cap Fund,118632,Nippon Large Cap,Open Ended Schemes,11-09-2018,35.95880
Nippon Large Cap,118632,Nippon India Mutual Fund,,INF204K01XI3,Equity Scheme - Large Cap Fund,118632,Nippon Large Cap,Open Ended Schemes,10-09-2018,36.45940
Nippon Large Cap,118632,Nippon India Mutual Fund,,INF204K01XI3,Equity Scheme - Large Cap Fund,118632,Nippon Large Cap,Open Ended Schemes,07-09-2018,36.85950
Nippon Large Cap,118632,Nippon India Mutual Fund,,INF204K01XI3,Equity Scheme - Large Cap Fund,118632,Nippon Large Cap,Open Ended Schemes,06-09-2018,36.50360
Nippon Large Cap,118632,Nippon India Mutual Fund,,INF204K01XI3,Equity Scheme - Large Cap Fund,118632,Nippon Large Cap,Open Ended Schemes,05-09-2018,36.20320
Nippon Large Cap,118632,Nippon India Mutual Fund,,INF204K01XI3,Equity Scheme - Large Cap Fund,118632,Nippon Large Cap,Open Ended Schemes,04-09-2018,36.23520
Nippon Large Cap,118632,Nippon India Mutual Fund,,INF204K01XI3,Equity Scheme - Large Cap Fund,118632,Nippon Large Cap,Open Ended Schemes,03-09-2018,36.73550
Nippon Large Cap,118632,Nippon India Mutual Fund,,INF204K01XI3,Equity Scheme - Large Cap Fund,118632,Nippon Large Cap,Open Ended Schemes,31-08-2018,37.01720
Nippon Large Cap,118632,Nippon India Mutual Fund,,INF204K01XI3,Equity Scheme - Large Cap Fund,118632,Nippon Large Cap,Open Ended Schemes,30-08-2018,36.84500
Nippon Large Cap,118632,Nippon India Mutual Fund,,INF204K01XI3,Equity Scheme - Large Cap Fund,118632,Nippon Large Cap,Open Ended Schemes,29-08-2018,36.65250
Nippon Large Cap,118632,Nippon India Mutual Fund,,INF204K01XI3,Equity Scheme - Large Cap Fund,118632,Nippon Large Cap,Open Ended Schemes,28-08-2018,36.50150
Nippon Large Cap,118632,Nippon India Mutual Fund,,INF204K01XI3,Equity Scheme - Large Cap Fund,118632,Nippon Large Cap,Open Ended Schemes,27-08-2018,36.59610
Nippon Large Cap,118632,Nippon India Mutual Fund,,INF204K01XI3,Equity Scheme - Large Cap Fund,118632,Nippon Large Cap,Open Ended Schemes,24-08-2018,36.18270
Nippon Large Cap,118632,Nippon India Mutual Fund,,INF204K01XI3,Equity Scheme - Large Cap Fund,118632,Nippon Large Cap,Open Ended Schemes,23-08-2018,36.32330
Nippon Large Cap,118632,Nippon India Mutual Fund,,INF204K01XI3,Equity Scheme - Large Cap Fund,118632,Nippon Large Cap,Open Ended Schemes,21-08-2018,36.29780
Nippon Large Cap,118632,Nippon India Mutual Fund,,INF204K01XI3,Equity Scheme - Large Cap Fund,118632,Nippon Large Cap,Open Ended Schemes,20-08-2018,36.17800
Nippon Large Cap,118632,Nippon India Mutual Fund,,INF204K01XI3,Equity Scheme - Large Cap Fund,118632,Nippon Large Cap,Open Ended Schemes,17-08-2018,35.72400
Nippon Large Cap,118632,Nippon India Mutual Fund,,INF204K01XI3,Equity Scheme - Large Cap Fund,118632,Nippon Large Cap,Open Ended Schemes,16-08-2018,35.34420
Nippon Large Cap,118632,Nippon India Mutual Fund,,INF204K01XI3,Equity Scheme - Large Cap Fund,118632,Nippon Large Cap,Open Ended Schemes,14-08-2018,35.39320
Nippon Large Cap,118632,Nippon India Mutual Fund,,INF204K01XI3,Equity Scheme - Large Cap Fund,118632,Nippon Large Cap,Open Ended Schemes,13-08-2018,35.07870
Nippon Large Cap,118632,Nippon India Mutual Fund,,INF204K01XI3,Equity Scheme - Large Cap Fund,118632,Nippon Large Cap,Open Ended Schemes,10-08-2018,35.36670
Nippon Large Cap,118632,Nippon India Mutual Fund,,INF204K01XI3,Equity Scheme - Large Cap Fund,118632,Nippon Large Cap,Open Ended Schemes,09-08-2018,35.68650
Nippon Large Cap,118632,Nippon India Mutual Fund,,INF204K01XI3,Equity Scheme - Large Cap Fund,118632,Nippon Large Cap,Open Ended Schemes,08-08-2018,35.49280
Nippon Large Cap,118632,Nippon India Mutual Fund,,INF204K01XI3,Equity Scheme - Large Cap Fund,118632,Nippon Large Cap,Open Ended Schemes,07-08-2018,35.36740
Nippon Large Cap,118632,Nippon India Mutual Fund,,INF204K01XI3,Equity Scheme - Large Cap Fund,118632,Nippon Large Cap,Open Ended Schemes,06-08-2018,35.46780
Nippon Large Cap,118632,Nippon India Mutual Fund,,INF204K01XI3,Equity Scheme - Large Cap Fund,118632,Nippon Large Cap,Open Ended Schemes,03-08-2018,35.37530
Nippon Large Cap,118632,Nippon India Mutual Fund,,INF204K01XI3,Equity Scheme - Large Cap Fund,118632,Nippon Large Cap,Open Ended Schemes,02-08-2018,34.98900
Nippon Large Cap,118632,Nippon India Mutual Fund,,INF204K01XI3,Equity Scheme - Large Cap Fund,118632,Nippon Large Cap,Open Ended Schemes,01-08-2018,35.10890
Nippon Large Cap,118632,Nippon India Mutual Fund,,INF204K01XI3,Equity Scheme - Large Cap Fund,118632,Nippon Large Cap,Open Ended Schemes,31-07-2018,35.06800
Nippon Large Cap,118632,Nippon India Mutual Fund,,INF204K01XI3,Equity Scheme - Large Cap Fund,118632,Nippon Large Cap,Open Ended Schemes,30-07-2018,35.08470
Nippon Large Cap,118632,Nippon India Mutual Fund,,INF204K01XI3,Equity Scheme - Large Cap Fund,118632,Nippon Large Cap,Open Ended Schemes,27-07-2018,34.87450
Nippon Large Cap,118632,Nippon India Mutual Fund,,INF204K01XI3,Equity Scheme - Large Cap Fund,118632,Nippon Large Cap,Open Ended Schemes,26-07-2018,34.43580
Nippon Large Cap,118632,Nippon India Mutual Fund,,INF204K01XI3,Equity Scheme - Large Cap Fund,118632,Nippon Large Cap,Open Ended Schemes,25-07-2018,34.14910
Nippon Large Cap,118632,Nippon India Mutual Fund,,INF204K01XI3,Equity Scheme - Large Cap Fund,118632,Nippon Large Cap,Open Ended Schemes,24-07-2018,34.06940
Nippon Large Cap,118632,Nippon India Mutual Fund,,INF204K01XI3,Equity Scheme - Large Cap Fund,118632,Nippon Large Cap,Open Ended Schemes,23-07-2018,33.63690
Nippon Large Cap,118632,Nippon India Mutual Fund,,INF204K01XI3,Equity Scheme - Large Cap Fund,118632,Nippon Large Cap,Open Ended Schemes,20-07-2018,33.24840
Nippon Large Cap,118632,Nippon India Mutual Fund,,INF204K01XI3,Equity Scheme - Large Cap Fund,118632,Nippon Large Cap,Open Ended Schemes,19-07-2018,33.03040
Nippon Large Cap,118632,Nippon India Mutual Fund,,INF204K01XI3,Equity Scheme - Large Cap Fund,118632,Nippon Large Cap,Open Ended Schemes,18-07-2018,33.17070
Nippon Large Cap,118632,Nippon India Mutual Fund,,INF204K01XI3,Equity Scheme - Large Cap Fund,118632,Nippon Large Cap,Open Ended Schemes,17-07-2018,33.29200
Nippon Large Cap,118632,Nippon India Mutual Fund,,INF204K01XI3,Equity Scheme - Large Cap Fund,118632,Nippon Large Cap,Open Ended Schemes,16-07-2018,32.85520
Nippon Large Cap,118632,Nippon India Mutual Fund,,INF204K01XI3,Equity Scheme - Large Cap Fund,118632,Nippon Large Cap,Open Ended Schemes,13-07-2018,33.52760
Nippon Large Cap,118632,Nippon India Mutual Fund,,INF204K01XI3,Equity Scheme - Large Cap Fund,118632,Nippon Large Cap,Open Ended Schemes,12-07-2018,33.72370
Nippon Large Cap,118632,Nippon India Mutual Fund,,INF204K01XI3,Equity Scheme - Large Cap Fund,118632,Nippon Large Cap,Open Ended Schemes,11-07-2018,33.61460
Nippon Large Cap,118632,Nippon India Mutual Fund,,INF204K01XI3,Equity Scheme - Large Cap Fund,118632,Nippon Large Cap,Open Ended Schemes,10-07-2018,33.75150
Nippon Large Cap,118632,Nippon India Mutual Fund,,INF204K01XI3,Equity Scheme - Large Cap Fund,118632,Nippon Large Cap,Open Ended Schemes,09-07-2018,33.48950
Nippon Large Cap,118632,Nippon India Mutual Fund,,INF204K01XI3,Equity Scheme - Large Cap Fund,118632,Nippon Large Cap,Open Ended Schemes,06-07-2018,33.15860
Nippon Large Cap,118632,Nippon India Mutual Fund,,INF204K01XI3,Equity Scheme - Large Cap Fund,118632,Nippon Large Cap,Open Ended Schemes,05-07-2018,33.10590
Nippon Large Cap,118632,Nippon India Mutual Fund,,INF204K01XI3,Equity Scheme - Large Cap Fund,118632,Nippon Large Cap,Open Ended Schemes,04-07-2018,33.20670
Nippon Large Cap,118632,Nippon India Mutual Fund,,INF204K01XI3,Equity Scheme - Large Cap Fund,118632,Nippon Large Cap,Open Ended Schemes,03-07-2018,33.07480
Nippon Large Cap,118632,Nippon India Mutual Fund,,INF204K01XI3,Equity Scheme - Large Cap Fund,118632,Nippon Large Cap,Open Ended Schemes,02-07-2018,32.91110
Nippon Large Cap,118632,Nippon India Mutual Fund,,INF204K01XI3,Equity Scheme - Large Cap Fund,118632,Nippon Large Cap,Open Ended Schemes,29-06-2018,33.06380
Nippon Large Cap,118632,Nippon India Mutual Fund,,INF204K01XI3,Equity Scheme - Large Cap Fund,118632,Nippon Large Cap,Open Ended Schemes,28-06-2018,32.56680
Nippon Large Cap,118632,Nippon India Mutual Fund,,INF204K01XI3,Equity Scheme - Large Cap Fund,118632,Nippon Large Cap,Open Ended Schemes,27-06-2018,32.95560
Nippon Large Cap,118632,Nippon India Mutual Fund,,INF204K01XI3,Equity Scheme - Large Cap Fund,118632,Nippon Large Cap,Open Ended Schemes,26-06-2018,33.46890
Nippon Large Cap,118632,Nippon India Mutual Fund,,INF204K01XI3,Equity Scheme - Large Cap Fund,118632,Nippon Large Cap,Open Ended Schemes,25-06-2018,33.49040
Nippon Large Cap,118632,Nippon India Mutual Fund,,INF204K01XI3,Equity Scheme - Large Cap Fund,118632,Nippon Large Cap,Open Ended Schemes,22-06-2018,33.84150
Nippon Large Cap,118632,Nippon India Mutual Fund,,INF204K01XI3,Equity Scheme - Large Cap Fund,118632,Nippon Large Cap,Open Ended Schemes,21-06-2018,33.52110
Nippon Large Cap,118632,Nippon India Mutual Fund,,INF204K01XI3,Equity Scheme - Large Cap Fund,118632,Nippon Large Cap,Open Ended Schemes,20-06-2018,33.69730
Nippon Large Cap,118632,Nippon India Mutual Fund,,INF204K01XI3,Equity Scheme - Large Cap Fund,118632,Nippon Large Cap,Open Ended Schemes,19-06-2018,33.64610
Nippon Large Cap,118632,Nippon India Mutual Fund,,INF204K01XI3,Equity Scheme - Large Cap Fund,118632,Nippon Large Cap,Open Ended Schemes,18-06-2018,33.88590
Nippon Large Cap,118632,Nippon India Mutual Fund,,INF204K01XI3,Equity Scheme - Large Cap Fund,118632,Nippon Large Cap,Open Ended Schemes,15-06-2018,33.92040
Nippon Large Cap,118632,Nippon India Mutual Fund,,INF204K01XI3,Equity Scheme - Large Cap Fund,118632,Nippon Large Cap,Open Ended Schemes,14-06-2018,34.02720
Nippon Large Cap,118632,Nippon India Mutual Fund,,INF204K01XI3,Equity Scheme - Large Cap Fund,118632,Nippon Large Cap,Open Ended Schemes,13-06-2018,34.12710
Nippon Large Cap,118632,Nippon India Mutual Fund,,INF204K01XI3,Equity Scheme - Large Cap Fund,118632,Nippon Large Cap,Open Ended Schemes,12-06-2018,34.13870
Nippon Large Cap,118632,Nippon India Mutual Fund,,INF204K01XI3,Equity Scheme - Large Cap Fund,118632,Nippon Large Cap,Open Ended Schemes,11-06-2018,33.86790
Nippon Large Cap,118632,Nippon India Mutual Fund,,INF204K01XI3,Equity Scheme - Large Cap Fund,118632,Nippon Large Cap,Open Ended Schemes,08-06-2018,33.84050
Nippon Large Cap,118632,Nippon India Mutual Fund,,INF204K01XI3,Equity Scheme - Large Cap Fund,118632,Nippon Large Cap,Open Ended Schemes,07-06-2018,33.71090
Nippon Large Cap,118632,Nippon India Mutual Fund,,INF204K01XI3,Equity Scheme - Large Cap Fund,118632,Nippon Large Cap,Open Ended Schemes,06-06-2018,33.38700
Nippon Large Cap,118632,Nippon India Mutual Fund,,INF204K01XI3,Equity Scheme - Large Cap Fund,118632,Nippon Large Cap,Open Ended Schemes,05-06-2018,32.91460
Nippon Large Cap,118632,Nippon India Mutual Fund,,INF204K01XI3,Equity Scheme - Large Cap Fund,118632,Nippon Large Cap,Open Ended Schemes,04-06-2018,33.08340
Nippon Large Cap,118632,Nippon India Mutual Fund,,INF204K01XI3,Equity Scheme - Large Cap Fund,118632,Nippon Large Cap,Open Ended Schemes,01-06-2018,33.35440
Nippon Large Cap,118632,Nippon India Mutual Fund,,INF204K01XI3,Equity Scheme - Large Cap Fund,118632,Nippon Large Cap,Open Ended Schemes,31-05-2018,33.62070
Nippon Large Cap,118632,Nippon India Mutual Fund,,INF204K01XI3,Equity Scheme - Large Cap Fund,118632,Nippon Large Cap,Open Ended Schemes,30-05-2018,33.45380
Nippon Large Cap,118632,Nippon India Mutual Fund,,INF204K01XI3,Equity Scheme - Large Cap Fund,118632,Nippon Large Cap,Open Ended Schemes,29-05-2018,33.49310
Nippon Large Cap,118632,Nippon India Mutual Fund,,INF204K01XI3,Equity Scheme - Large Cap Fund,118632,Nippon Large Cap,Open Ended Schemes,28-05-2018,33.58880
Nippon Large Cap,118632,Nippon India Mutual Fund,,INF204K01XI3,Equity Scheme - Large Cap Fund,118632,Nippon Large Cap,Open Ended Schemes,25-05-2018,33.19790
Nippon Large Cap,118632,Nippon India Mutual Fund,,INF204K01XI3,Equity Scheme - Large Cap Fund,118632,Nippon Large Cap,Open Ended Schemes,24-05-2018,32.87560
Nippon Large Cap,118632,Nippon India Mutual Fund,,INF204K01XI3,Equity Scheme - Large Cap Fund,118632,Nippon Large Cap,Open Ended Schemes,23-05-2018,32.72180
Nippon Large Cap,118632,Nippon India Mutual Fund,,INF204K01XI3,Equity Scheme - Large Cap Fund,118632,Nippon Large Cap,Open Ended Schemes,22-05-2018,32.98240
Nippon Large Cap,118632,Nippon India Mutual Fund,,INF204K01XI3,Equity Scheme - Large Cap Fund,118632,Nippon Large Cap,Open Ended Schemes,21-05-2018,32.73780
Nippon Large Cap,118632,Nippon India Mutual Fund,,INF204K01XI3,Equity Scheme - Large Cap Fund,118632,Nippon Large Cap,Open Ended Schemes,18-05-2018,33.10410
Nippon Large Cap,118632,Nippon India Mutual Fund,,INF204K01XI3,Equity Scheme - Large Cap Fund,118632,Nippon Large Cap,Open Ended Schemes,17-05-2018,33.48300
Nippon Large Cap,118632,Nippon India Mutual Fund,,INF204K01XI3,Equity Scheme - Large Cap Fund,118632,Nippon Large Cap,Open Ended Schemes,16-05-2018,33.50430
Nippon Large Cap,118632,Nippon India Mutual Fund,,INF204K01XI3,Equity Scheme - Large Cap Fund,118632,Nippon Large Cap,Open Ended Schemes,15-05-2018,33.74840
Nippon Large Cap,118632,Nippon India Mutual Fund,,INF204K01XI3,Equity Scheme - Large Cap Fund,118632,Nippon Large Cap,Open Ended Schemes,14-05-2018,33.98880
Nippon Large Cap,118632,Nippon India Mutual Fund,,INF204K01XI3,Equity Scheme - Large Cap Fund,118632,Nippon Large Cap,Open Ended Schemes,11-05-2018,34.11060
Nippon Large Cap,118632,Nippon India Mutual Fund,,INF204K01XI3,Equity Scheme - Large Cap Fund,118632,Nippon Large Cap,Open Ended Schemes,10-05-2018,33.95350
Nippon Large Cap,118632,Nippon India Mutual Fund,,INF204K01XI3,Equity Scheme - Large Cap Fund,118632,Nippon Large Cap,Open Ended Schemes,09-05-2018,34.15150
Nippon Large Cap,118632,Nippon India Mutual Fund,,INF204K01XI3,Equity Scheme - Large Cap Fund,118632,Nippon Large Cap,Open Ended Schemes,08-05-2018,34.19550
Nippon Large Cap,118632,Nippon India Mutual Fund,,INF204K01XI3,Equity Scheme - Large Cap Fund,118632,Nippon Large Cap,Open Ended Schemes,07-05-2018,34.18630
Nippon Large Cap,118632,Nippon India Mutual Fund,,INF204K01XI3,Equity Scheme - Large Cap Fund,118632,Nippon Large Cap,Open Ended Schemes,04-05-2018,33.82830
Nippon Large Cap,118632,Nippon India Mutual Fund,,INF204K01XI3,Equity Scheme - Large Cap Fund,118632,Nippon Large Cap,Open Ended Schemes,03-05-2018,34.06080
Nippon Large Cap,118632,Nippon India Mutual Fund,,INF204K01XI3,Equity Scheme - Large Cap Fund,118632,Nippon Large Cap,Open Ended Schemes,02-05-2018,34.22460
Nippon Large Cap,118632,Nippon India Mutual Fund,,INF204K01XI3,Equity Scheme - Large Cap Fund,118632,Nippon Large Cap,Open Ended Schemes,30-04-2018,34.36100
Nippon Large Cap,118632,Nippon India Mutual Fund,,INF204K01XI3,Equity Scheme - Large Cap Fund,118632,Nippon Large Cap,Open Ended Schemes,27-04-2018,34.13900
Nippon Large Cap,118632,Nippon India Mutual Fund,,INF204K01XI3,Equity Scheme - Large Cap Fund,118632,Nippon Large Cap,Open Ended Schemes,26-04-2018,33.72070
Nippon Large Cap,118632,Nippon India Mutual Fund,,INF204K01XI3,Equity Scheme - Large Cap Fund,118632,Nippon Large Cap,Open Ended Schemes,25-04-2018,33.75410
Nippon Large Cap,118632,Nippon India Mutual Fund,,INF204K01XI3,Equity Scheme - Large Cap Fund,118632,Nippon Large Cap,Open Ended Schemes,24-04-2018,33.92560
Nippon Large Cap,118632,Nippon India Mutual Fund,,INF204K01XI3,Equity Scheme - Large Cap Fund,118632,Nippon Large Cap,Open Ended Schemes,23-04-2018,33.85320
Nippon Large Cap,118632,Nippon India Mutual Fund,,INF204K01XI3,Equity Scheme - Large Cap Fund,118632,Nippon Large Cap,Open Ended Schemes,20-04-2018,33.71630
Nippon Large Cap,118632,Nippon India Mutual Fund,,INF204K01XI3,Equity Scheme - Large Cap Fund,118632,Nippon Large Cap,Open Ended Schemes,19-04-2018,33.72130
Nippon Large Cap,118632,Nippon India Mutual Fund,,INF204K01XI3,Equity Scheme - Large Cap Fund,118632,Nippon Large Cap,Open Ended Schemes,18-04-2018,33.62790
Nippon Large Cap,118632,Nippon India Mutual Fund,,INF204K01XI3,Equity Scheme - Large Cap Fund,118632,Nippon Large Cap,Open Ended Schemes,17-04-2018,33.69140
Nippon Large Cap,118632,Nippon India Mutual Fund,,INF204K01XI3,Equity Scheme - Large Cap Fund,118632,Nippon Large Cap,Open Ended Schemes,16-04-2018,33.56680
Nippon Large Cap,118632,Nippon India Mutual Fund,,INF204K01XI3,Equity Scheme - Large Cap Fund,118632,Nippon Large Cap,Open Ended Schemes,13-04-2018,33.47740
Nippon Large Cap,118632,Nippon India Mutual Fund,,INF204K01XI3,Equity Scheme - Large Cap Fund,118632,Nippon Large Cap,Open Ended Schemes,12-04-2018,33.52140
Nippon Large Cap,118632,Nippon India Mutual Fund,,INF204K01XI3,Equity Scheme - Large Cap Fund,118632,Nippon Large Cap,Open Ended Schemes,11-04-2018,33.48630
Nippon Large Cap,118632,Nippon India Mutual Fund,,INF204K01XI3,Equity Scheme - Large Cap Fund,118632,Nippon Large Cap,Open Ended Schemes,10-04-2018,33.64160
Nippon Large Cap,118632,Nippon India Mutual Fund,,INF204K01XI3,Equity Scheme - Large Cap Fund,118632,Nippon Large Cap,Open Ended Schemes,09-04-2018,33.49450
Nippon Large Cap,118632,Nippon India Mutual Fund,,INF204K01XI3,Equity Scheme - Large Cap Fund,118632,Nippon Large Cap,Open Ended Schemes,06-04-2018,33.39870
Nippon Large Cap,118632,Nippon India Mutual Fund,,INF204K01XI3,Equity Scheme - Large Cap Fund,118632,Nippon Large Cap,Open Ended Schemes,05-04-2018,33.29500
Nippon Large Cap,118632,Nippon India Mutual Fund,,INF204K01XI3,Equity Scheme - Large Cap Fund,118632,Nippon Large Cap,Open Ended Schemes,04-04-2018,32.72410
Nippon Large Cap,118632,Nippon India Mutual Fund,,INF204K01XI3,Equity Scheme - Large Cap Fund,118632,Nippon Large Cap,Open Ended Schemes,03-04-2018,33.06960
Nippon Large Cap,118632,Nippon India Mutual Fund,,INF204K01XI3,Equity Scheme - Large Cap Fund,118632,Nippon Large Cap,Open Ended Schemes,02-04-2018,32.79230
Nippon Large Cap,118632,Nippon India Mutual Fund,,INF204K01XI3,Equity Scheme - Large Cap Fund,118632,Nippon Large Cap,Open Ended Schemes,28-03-2018,32.47790
Nippon Large Cap,118632,Nippon India Mutual Fund,,INF204K01XI3,Equity Scheme - Large Cap Fund,118632,Nippon Large Cap,Open Ended Schemes,27-03-2018,32.66020
Nippon Large Cap,118632,Nippon India Mutual Fund,,INF204K01XI3,Equity Scheme - Large Cap Fund,118632,Nippon Large Cap,Open Ended Schemes,26-03-2018,32.37050
Nippon Large Cap,118632,Nippon India Mutual Fund,,INF204K01XI3,Equity Scheme - Large Cap Fund,118632,Nippon Large Cap,Open Ended Schemes,23-03-2018,31.93770
Nippon Large Cap,118632,Nippon India Mutual Fund,,INF204K01XI3,Equity Scheme - Large Cap Fund,118632,Nippon Large Cap,Open Ended Schemes,22-03-2018,32.32040
Nippon Large Cap,118632,Nippon India Mutual Fund,,INF204K01XI3,Equity Scheme - Large Cap Fund,118632,Nippon Large Cap,Open Ended Schemes,21-03-2018,32.62300
Nippon Large Cap,118632,Nippon India Mutual Fund,,INF204K01XI3,Equity Scheme - Large Cap Fund,118632,Nippon Large Cap,Open Ended Schemes,20-03-2018,32.58220
Nippon Large Cap,118632,Nippon India Mutual Fund,,INF204K01XI3,Equity Scheme - Large Cap Fund,118632,Nippon Large Cap,Open Ended Schemes,19-03-2018,32.49600
Nippon Large Cap,118632,Nippon India Mutual Fund,,INF204K01XI3,Equity Scheme - Large Cap Fund,118632,Nippon Large Cap,Open Ended Schemes,16-03-2018,32.92160
Nippon Large Cap,118632,Nippon India Mutual Fund,,INF204K01XI3,Equity Scheme - Large Cap Fund,118632,Nippon Large Cap,Open Ended Schemes,15-03-2018,33.44660
Nippon Large Cap,118632,Nippon India Mutual Fund,,INF204K01XI3,Equity Scheme - Large Cap Fund,118632,Nippon Large Cap,Open Ended Schemes,14-03-2018,33.54490
Nippon Large Cap,118632,Nippon India Mutual Fund,,INF204K01XI3,Equity Scheme - Large Cap Fund,118632,Nippon Large Cap,Open Ended Schemes,13-03-2018,33.55430
Nippon Large Cap,118632,Nippon India Mutual Fund,,INF204K01XI3,Equity Scheme - Large Cap Fund,118632,Nippon Large Cap,Open Ended Schemes,12-03-2018,33.40680
Nippon Large Cap,118632,Nippon India Mutual Fund,,INF204K01XI3,Equity Scheme - Large Cap Fund,118632,Nippon Large Cap,Open Ended Schemes,09-03-2018,32.94890
Nippon Large Cap,118632,Nippon India Mutual Fund,,INF204K01XI3,Equity Scheme - Large Cap Fund,118632,Nippon Large Cap,Open Ended Schemes,08-03-2018,33.05650
Nippon Large Cap,118632,Nippon India Mutual Fund,,INF204K01XI3,Equity Scheme - Large Cap Fund,118632,Nippon Large Cap,Open Ended Schemes,07-03-2018,32.80940
Nippon Large Cap,118632,Nippon India Mutual Fund,,INF204K01XI3,Equity Scheme - Large Cap Fund,118632,Nippon Large Cap,Open Ended Schemes,06-03-2018,33.24810
Nippon Large Cap,118632,Nippon India Mutual Fund,,INF204K01XI3,Equity Scheme - Large Cap Fund,118632,Nippon Large Cap,Open Ended Schemes,05-03-2018,33.54890
Nippon Large Cap,118632,Nippon India Mutual Fund,,INF204K01XI3,Equity Scheme - Large Cap Fund,118632,Nippon Large Cap,Open Ended Schemes,01-03-2018,33.93270
Nippon Large Cap,118632,Nippon India Mutual Fund,,INF204K01XI3,Equity Scheme - Large Cap Fund,118632,Nippon Large Cap,Open Ended Schemes,28-02-2018,34.04530
Nippon Large Cap,118632,Nippon India Mutual Fund,,INF204K01XI3,Equity Scheme - Large Cap Fund,118632,Nippon Large Cap,Open Ended Schemes,27-02-2018,34.17610
Nippon Large Cap,118632,Nippon India Mutual Fund,,INF204K01XI3,Equity Scheme - Large Cap Fund,118632,Nippon Large Cap,Open Ended Schemes,26-02-2018,34.27370
Nippon Large Cap,118632,Nippon India Mutual Fund,,INF204K01XI3,Equity Scheme - Large Cap Fund,118632,Nippon Large Cap,Open Ended Schemes,23-02-2018,33.99730
Nippon Large Cap,118632,Nippon India Mutual Fund,,INF204K01XI3,Equity Scheme - Large Cap Fund,118632,Nippon Large Cap,Open Ended Schemes,22-02-2018,33.55140
Nippon Large Cap,118632,Nippon India Mutual Fund,,INF204K01XI3,Equity Scheme - Large Cap Fund,118632,Nippon Large Cap,Open Ended Schemes,21-02-2018,33.68980
Nippon Large Cap,118632,Nippon India Mutual Fund,,INF204K01XI3,Equity Scheme - Large Cap Fund,118632,Nippon Large Cap,Open Ended Schemes,20-02-2018,33.62530
Nippon Large Cap,118632,Nippon India Mutual Fund,,INF204K01XI3,Equity Scheme - Large Cap Fund,118632,Nippon Large Cap,Open Ended Schemes,19-02-2018,33.69310
Nippon Large Cap,118632,Nippon India Mutual Fund,,INF204K01XI3,Equity Scheme - Large Cap Fund,118632,Nippon Large Cap,Open Ended Schemes,16-02-2018,34.06480
Nippon Large Cap,118632,Nippon India Mutual Fund,,INF204K01XI3,Equity Scheme - Large Cap Fund,118632,Nippon Large Cap,Open Ended Schemes,15-02-2018,34.35080
Nippon Large Cap,118632,Nippon India Mutual Fund,,INF204K01XI3,Equity Scheme - Large Cap Fund,118632,Nippon Large Cap,Open Ended Schemes,14-02-2018,34.38770
Nippon Large Cap,118632,Nippon India Mutual Fund,,INF204K01XI3,Equity Scheme - Large Cap Fund,118632,Nippon Large Cap,Open Ended Schemes,12-02-2018,34.61960
Nippon Large Cap,118632,Nippon India Mutual Fund,,INF204K01XI3,Equity Scheme - Large Cap Fund,118632,Nippon Large Cap,Open Ended Schemes,09-02-2018,34.42870
Nippon Large Cap,118632,Nippon India Mutual Fund,,INF204K01XI3,Equity Scheme - Large Cap Fund,118632,Nippon Large Cap,Open Ended Schemes,08-02-2018,34.70530
Nippon Large Cap,118632,Nippon India Mutual Fund,,INF204K01XI3,Equity Scheme - Large Cap Fund,118632,Nippon Large Cap,Open Ended Schemes,07-02-2018,34.13100
Nippon Large Cap,118632,Nippon India Mutual Fund,,INF204K01XI3,Equity Scheme - Large Cap Fund,118632,Nippon Large Cap,Open Ended Schemes,06-02-2018,34.12250
Nippon Large Cap,118632,Nippon India Mutual Fund,,INF204K01XI3,Equity Scheme - Large Cap Fund,118632,Nippon Large Cap,Open Ended Schemes,05-02-2018,34.66570
Nippon Large Cap,118632,Nippon India Mutual Fund,,INF204K01XI3,Equity Scheme - Large Cap Fund,118632,Nippon Large Cap,Open Ended Schemes,02-02-2018,34.79730
Nippon Large Cap,118632,Nippon India Mutual Fund,,INF204K01XI3,Equity Scheme - Large Cap Fund,118632,Nippon Large Cap,Open Ended Schemes,01-02-2018,35.73580
Nippon Large Cap,118632,Nippon India Mutual Fund,,INF204K01XI3,Equity Scheme - Large Cap Fund,118632,Nippon Large Cap,Open Ended Schemes,31-01-2018,35.68540
Nippon Large Cap,118632,Nippon India Mutual Fund,,INF204K01XI3,Equity Scheme - Large Cap Fund,118632,Nippon Large Cap,Open Ended Schemes,30-01-2018,35.88540
Nippon Large Cap,118632,Nippon India Mutual Fund,,INF204K01XI3,Equity Scheme - Large Cap Fund,118632,Nippon Large Cap,Open Ended Schemes,29-01-2018,36.07690
Nippon Large Cap,118632,Nippon India Mutual Fund,,INF204K01XI3,Equity Scheme - Large Cap Fund,118632,Nippon Large Cap,Open Ended Schemes,25-01-2018,36.20220
Nippon Large Cap,118632,Nippon India Mutual Fund,,INF204K01XI3,Equity Scheme - Large Cap Fund,118632,Nippon Large Cap,Open Ended Schemes,24-01-2018,36.43180
Nippon Large Cap,118632,Nippon India Mutual Fund,,INF204K01XI3,Equity Scheme - Large Cap Fund,118632,Nippon Large Cap,Open Ended Schemes,23-01-2018,36.40550
Nippon Large Cap,118632,Nippon India Mutual Fund,,INF204K01XI3,Equity Scheme - Large Cap Fund,118632,Nippon Large Cap,Open Ended Schemes,22-01-2018,35.98310
Nippon Large Cap,118632,Nippon India Mutual Fund,,INF204K01XI3,Equity Scheme - Large Cap Fund,118632,Nippon Large Cap,Open Ended Schemes,19-01-2018,35.85350
Nippon Large Cap,118632,Nippon India Mutual Fund,,INF204K01XI3,Equity Scheme - Large Cap Fund,118632,Nippon Large Cap,Open Ended Schemes,18-01-2018,35.57170
Nippon Large Cap,118632,Nippon India Mutual Fund,,INF204K01XI3,Equity Scheme - Large Cap Fund,118632,Nippon Large Cap,Open Ended Schemes,17-01-2018,35.74500
Nippon Large Cap,118632,Nippon India Mutual Fund,,INF204K01XI3,Equity Scheme - Large Cap Fund,118632,Nippon Large Cap,Open Ended Schemes,16-01-2018,35.30590
Nippon Large Cap,118632,Nippon India Mutual Fund,,INF204K01XI3,Equity Scheme - Large Cap Fund,118632,Nippon Large Cap,Open Ended Schemes,15-01-2018,35.40000
Nippon Large Cap,118632,Nippon India Mutual Fund,,INF204K01XI3,Equity Scheme - Large Cap Fund,118632,Nippon Large Cap,Open Ended Schemes,12-01-2018,35.31940
Nippon Large Cap,118632,Nippon India Mutual Fund,,INF204K01XI3,Equity Scheme - Large Cap Fund,118632,Nippon Large Cap,Open Ended Schemes,11-01-2018,35.26370
Nippon Large Cap,118632,Nippon India Mutual Fund,,INF204K01XI3,Equity Scheme - Large Cap Fund,118632,Nippon Large Cap,Open Ended Schemes,10-01-2018,35.17680
Nippon Large Cap,118632,Nippon India Mutual Fund,,INF204K01XI3,Equity Scheme - Large Cap Fund,118632,Nippon Large Cap,Open Ended Schemes,09-01-2018,35.31170
Nippon Large Cap,118632,Nippon India Mutual Fund,,INF204K01XI3,Equity Scheme - Large Cap Fund,118632,Nippon Large Cap,Open Ended Schemes,08-01-2018,35.41900
Nippon Large Cap,118632,Nippon India Mutual Fund,,INF204K01XI3,Equity Scheme - Large Cap Fund,118632,Nippon Large Cap,Open Ended Schemes,05-01-2018,35.20260
Nippon Large Cap,118632,Nippon India Mutual Fund,,INF204K01XI3,Equity Scheme - Large Cap Fund,118632,Nippon Large Cap,Open Ended Schemes,04-01-2018,34.96090
Nippon Large Cap,118632,Nippon India Mutual Fund,,INF204K01XI3,Equity Scheme - Large Cap Fund,118632,Nippon Large Cap,Open Ended Schemes,03-01-2018,34.63330
Nippon Large Cap,118632,Nippon India Mutual Fund,,INF204K01XI3,Equity Scheme - Large Cap Fund,118632,Nippon Large Cap,Open Ended Schemes,02-01-2018,34.53020
Nippon Large Cap,118632,Nippon India Mutual Fund,,INF204K01XI3,Equity Scheme - Large Cap Fund,118632,Nippon Large Cap,Open Ended Schemes,01-01-2018,34.62620
Nippon Large Cap,118632,Nippon India Mutual Fund,,INF204K01XI3,Equity Scheme - Large Cap Fund,118632,Nippon Large Cap,Open Ended Schemes,29-12-2017,34.79830
Nippon Large Cap,118632,Nippon India Mutual Fund,,INF204K01XI3,Equity Scheme - Large Cap Fund,118632,Nippon Large Cap,Open Ended Schemes,28-12-2017,34.68460
Nippon Large Cap,118632,Nippon India Mutual Fund,,INF204K01XI3,Equity Scheme - Large Cap Fund,118632,Nippon Large Cap,Open Ended Schemes,27-12-2017,34.75960
Nippon Large Cap,118632,Nippon India Mutual Fund,,INF204K01XI3,Equity Scheme - Large Cap Fund,118632,Nippon Large Cap,Open Ended Schemes,26-12-2017,34.85100
Nippon Large Cap,118632,Nippon India Mutual Fund,,INF204K01XI3,Equity Scheme - Large Cap Fund,118632,Nippon Large Cap,Open Ended Schemes,22-12-2017,34.70280
Nippon Large Cap,118632,Nippon India Mutual Fund,,INF204K01XI3,Equity Scheme - Large Cap Fund,118632,Nippon Large Cap,Open Ended Schemes,21-12-2017,34.61260
Nippon Large Cap,118632,Nippon India Mutual Fund,,INF204K01XI3,Equity Scheme - Large Cap Fund,118632,Nippon Large Cap,Open Ended Schemes,20-12-2017,34.50710
Nippon Large Cap,118632,Nippon India Mutual Fund,,INF204K01XI3,Equity Scheme - Large Cap Fund,118632,Nippon Large Cap,Open Ended Schemes,19-12-2017,34.52520
Nippon Large Cap,118632,Nippon India Mutual Fund,,INF204K01XI3,Equity Scheme - Large Cap Fund,118632,Nippon Large Cap,Open Ended Schemes,18-12-2017,34.28400
Nippon Large Cap,118632,Nippon India Mutual Fund,,INF204K01XI3,Equity Scheme - Large Cap Fund,118632,Nippon Large Cap,Open Ended Schemes,15-12-2017,34.01920
Nippon Large Cap,118632,Nippon India Mutual Fund,,INF204K01XI3,Equity Scheme - Large Cap Fund,118632,Nippon Large Cap,Open Ended Schemes,14-12-2017,33.82750
Nippon Large Cap,118632,Nippon India Mutual Fund,,INF204K01XI3,Equity Scheme - Large Cap Fund,118632,Nippon Large Cap,Open Ended Schemes,13-12-2017,33.67330
Nippon Large Cap,118632,Nippon India Mutual Fund,,INF204K01XI3,Equity Scheme - Large Cap Fund,118632,Nippon Large Cap,Open Ended Schemes,12-12-2017,33.88500
Nippon Large Cap,118632,Nippon India Mutual Fund,,INF204K01XI3,Equity Scheme - Large Cap Fund,118632,Nippon Large Cap,Open Ended Schemes,11-12-2017,34.03290
Nippon Large Cap,118632,Nippon India Mutual Fund,,INF204K01XI3,Equity Scheme - Large Cap Fund,118632,Nippon Large Cap,Open Ended Schemes,08-12-2017,33.87100
Nippon Large Cap,118632,Nippon India Mutual Fund,,INF204K01XI3,Equity Scheme - Large Cap Fund,118632,Nippon Large Cap,Open Ended Schemes,07-12-2017,33.61180
Nippon Large Cap,118632,Nippon India Mutual Fund,,INF204K01XI3,Equity Scheme - Large Cap Fund,118632,Nippon Large Cap,Open Ended Schemes,06-12-2017,33.16370
Nippon Large Cap,118632,Nippon India Mutual Fund,,INF204K01XI3,Equity Scheme - Large Cap Fund,118632,Nippon Large Cap,Open Ended Schemes,05-12-2017,33.48910
Nippon Large Cap,118632,Nippon India Mutual Fund,,INF204K01XI3,Equity Scheme - Large Cap Fund,118632,Nippon Large Cap,Open Ended Schemes,04-12-2017,33.45720
Nippon Large Cap,118632,Nippon India Mutual Fund,,INF204K01XI3,Equity Scheme - Large Cap Fund,118632,Nippon Large Cap,Open Ended Schemes,01-12-2017,33.42230
Nippon Large Cap,118632,Nippon India Mutual Fund,,INF204K01XI3,Equity Scheme - Large Cap Fund,118632,Nippon Large Cap,Open Ended Schemes,30-11-2017,33.78520
Nippon Large Cap,118632,Nippon India Mutual Fund,,INF204K01XI3,Equity Scheme - Large Cap Fund,118632,Nippon Large Cap,Open Ended Schemes,29-11-2017,34.14140
Nippon Large Cap,118632,Nippon India Mutual Fund,,INF204K01XI3,Equity Scheme - Large Cap Fund,118632,Nippon Large Cap,Open Ended Schemes,28-11-2017,34.10580
Nippon Large Cap,118632,Nippon India Mutual Fund,,INF204K01XI3,Equity Scheme - Large Cap Fund,118632,Nippon Large Cap,Open Ended Schemes,27-11-2017,34.11310
Nippon Large Cap,118632,Nippon India Mutual Fund,,INF204K01XI3,Equity Scheme - Large Cap Fund,118632,Nippon Large Cap,Open Ended Schemes,24-11-2017,34.02900
Nippon Large Cap,118632,Nippon India Mutual Fund,,INF204K01XI3,Equity Scheme - Large Cap Fund,118632,Nippon Large Cap,Open Ended Schemes,23-11-2017,33.92460
Nippon Large Cap,118632,Nippon India Mutual Fund,,INF204K01XI3,Equity Scheme - Large Cap Fund,118632,Nippon Large Cap,Open Ended Schemes,22-11-2017,33.88600
Nippon Large Cap,118632,Nippon India Mutual Fund,,INF204K01XI3,Equity Scheme - Large Cap Fund,118632,Nippon Large Cap,Open Ended Schemes,21-11-2017,33.79630
Nippon Large Cap,118632,Nippon India Mutual Fund,,INF204K01XI3,Equity Scheme - Large Cap Fund,118632,Nippon Large Cap,Open Ended Schemes,20-11-2017,33.64420
Nippon Large Cap,118632,Nippon India Mutual Fund,,INF204K01XI3,Equity Scheme - Large Cap Fund,118632,Nippon Large Cap,Open Ended Schemes,17-11-2017,33.70370
Nippon Large Cap,118632,Nippon India Mutual Fund,,INF204K01XI3,Equity Scheme - Large Cap Fund,118632,Nippon Large Cap,Open Ended Schemes,16-11-2017,33.42480
Nippon Large Cap,118632,Nippon India Mutual Fund,,INF204K01XI3,Equity Scheme - Large Cap Fund,118632,Nippon Large Cap,Open Ended Schemes,15-11-2017,33.12990
Nippon Large Cap,118632,Nippon India Mutual Fund,,INF204K01XI3,Equity Scheme - Large Cap Fund,118632,Nippon Large Cap,Open Ended Schemes,14-11-2017,33.30650
Nippon Large Cap,118632,Nippon India Mutual Fund,,INF204K01XI3,Equity Scheme - Large Cap Fund,118632,Nippon Large Cap,Open Ended Schemes,13-11-2017,33.44650
Nippon Large Cap,118632,Nippon India Mutual Fund,,INF204K01XI3,Equity Scheme - Large Cap Fund,118632,Nippon Large Cap,Open Ended Schemes,10-11-2017,33.64430
Nippon Large Cap,118632,Nippon India Mutual Fund,,INF204K01XI3,Equity Scheme - Large Cap Fund,118632,Nippon Large Cap,Open Ended Schemes,09-11-2017,33.45350
Nippon Large Cap,118632,Nippon India Mutual Fund,,INF204K01XI3,Equity Scheme - Large Cap Fund,118632,Nippon Large Cap,Open Ended Schemes,08-11-2017,33.42580
Nippon Large Cap,118632,Nippon India Mutual Fund,,INF204K01XI3,Equity Scheme - Large Cap Fund,118632,Nippon Large Cap,Open Ended Schemes,07-11-2017,33.60050
Nippon Large Cap,118632,Nippon India Mutual Fund,,INF204K01XI3,Equity Scheme - Large Cap Fund,118632,Nippon Large Cap,Open Ended Schemes,06-11-2017,33.99140
Nippon Large Cap,118632,Nippon India Mutual Fund,,INF204K01XI3,Equity Scheme - Large Cap Fund,118632,Nippon Large Cap,Open Ended Schemes,03-11-2017,33.95770
Nippon Large Cap,118632,Nippon India Mutual Fund,,INF204K01XI3,Equity Scheme - Large Cap Fund,118632,Nippon Large Cap,Open Ended Schemes,02-11-2017,33.84670
Nippon Large Cap,118632,Nippon India Mutual Fund,,INF204K01XI3,Equity Scheme - Large Cap Fund,118632,Nippon Large Cap,Open Ended Schemes,01-11-2017,33.66330
Nippon Large Cap,118632,Nippon India Mutual Fund,,INF204K01XI3,Equity Scheme - Large Cap Fund,118632,Nippon Large Cap,Open Ended Schemes,31-10-2017,33.24030
Nippon Large Cap,118632,Nippon India Mutual Fund,,INF204K01XI3,Equity Scheme - Large Cap Fund,118632,Nippon Large Cap,Open Ended Schemes,30-10-2017,33.24620
Nippon Large Cap,118632,Nippon India Mutual Fund,,INF204K01XI3,Equity Scheme - Large Cap Fund,118632,Nippon Large Cap,Open Ended Schemes,27-10-2017,33.05060
Nippon Large Cap,118632,Nippon India Mutual Fund,,INF204K01XI3,Equity Scheme - Large Cap Fund,118632,Nippon Large Cap,Open Ended Schemes,26-10-2017,33.09160
Nippon Large Cap,118632,Nippon India Mutual Fund,,INF204K01XI3,Equity Scheme - Large Cap Fund,118632,Nippon Large Cap,Open Ended Schemes,25-10-2017,32.96170
Nippon Large Cap,118632,Nippon India Mutual Fund,,INF204K01XI3,Equity Scheme - Large Cap Fund,118632,Nippon Large Cap,Open Ended Schemes,24-10-2017,32.20310
Nippon Large Cap,118632,Nippon India Mutual Fund,,INF204K01XI3,Equity Scheme - Large Cap Fund,118632,Nippon Large Cap,Open Ended Schemes,23-10-2017,32.00930
Nippon Large Cap,118632,Nippon India Mutual Fund,,INF204K01XI3,Equity Scheme - Large Cap Fund,118632,Nippon Large Cap,Open Ended Schemes,18-10-2017,32.06210
Nippon Large Cap,118632,Nippon India Mutual Fund,,INF204K01XI3,Equity Scheme - Large Cap Fund,118632,Nippon Large Cap,Open Ended Schemes,17-10-2017,32.30310
Nippon Large Cap,118632,Nippon India Mutual Fund,,INF204K01XI3,Equity Scheme - Large Cap Fund,118632,Nippon Large Cap,Open Ended Schemes,16-10-2017,32.29920
Nippon Large Cap,118632,Nippon India Mutual Fund,,INF204K01XI3,Equity Scheme - Large Cap Fund,118632,Nippon Large Cap,Open Ended Schemes,13-10-2017,32.10210
Nippon Large Cap,118632,Nippon India Mutual Fund,,INF204K01XI3,Equity Scheme - Large Cap Fund,118632,Nippon Large Cap,Open Ended Schemes,12-10-2017,32.03010
Nippon Large Cap,118632,Nippon India Mutual Fund,,INF204K01XI3,Equity Scheme - Large Cap Fund,118632,Nippon Large Cap,Open Ended Schemes,11-10-2017,31.75670
Nippon Large Cap,118632,Nippon India Mutual Fund,,INF204K01XI3,Equity Scheme - Large Cap Fund,118632,Nippon Large Cap,Open Ended Schemes,10-10-2017,31.92420
Nippon Large Cap,118632,Nippon India Mutual Fund,,INF204K01XI3,Equity Scheme - Large Cap Fund,118632,Nippon Large Cap,Open Ended Schemes,09-10-2017,31.83860
Nippon Large Cap,118632,Nippon India Mutual Fund,,INF204K01XI3,Equity Scheme - Large Cap Fund,118632,Nippon Large Cap,Open Ended Schemes,06-10-2017,31.82480
Nippon Large Cap,118632,Nippon India Mutual Fund,,INF204K01XI3,Equity Scheme - Large Cap Fund,118632,Nippon Large Cap,Open Ended Schemes,05-10-2017,31.48300
Nippon Large Cap,118632,Nippon India Mutual Fund,,INF204K01XI3,Equity Scheme - Large Cap Fund,118632,Nippon Large Cap,Open Ended Schemes,04-10-2017,31.52470
Nippon Large Cap,118632,Nippon India Mutual Fund,,INF204K01XI3,Equity Scheme - Large Cap Fund,118632,Nippon Large Cap,Open Ended Schemes,03-10-2017,31.40690
Nippon Large Cap,118632,Nippon India Mutual Fund,,INF204K01XI3,Equity Scheme - Large Cap Fund,118632,Nippon Large Cap,Open Ended Schemes,29-09-2017,31.19890
Nippon Large Cap,118632,Nippon India Mutual Fund,,INF204K01XI3,Equity Scheme - Large Cap Fund,118632,Nippon Large Cap,Open Ended Schemes,28-09-2017,31.05500
Nippon Large Cap,118632,Nippon India Mutual Fund,,INF204K01XI3,Equity Scheme - Large Cap Fund,118632,Nippon Large Cap,Open Ended Schemes,27-09-2017,30.91230
Nippon Large Cap,118632,Nippon India Mutual Fund,,INF204K01XI3,Equity Scheme - Large Cap Fund,118632,Nippon Large Cap,Open Ended Schemes,26-09-2017,31.46740
Nippon Large Cap,118632,Nippon India Mutual Fund,,INF204K01XI3,Equity Scheme - Large Cap Fund,118632,Nippon Large Cap,Open Ended Schemes,25-09-2017,31.35250
Nippon Large Cap,118632,Nippon India Mutual Fund,,INF204K01XI3,Equity Scheme - Large Cap Fund,118632,Nippon Large Cap,Open Ended Schemes,22-09-2017,31.75830
Nippon Large Cap,118632,Nippon India Mutual Fund,,INF204K01XI3,Equity Scheme - Large Cap Fund,118632,Nippon Large Cap,Open Ended Schemes,21-09-2017,32.34940
Nippon Large Cap,118632,Nippon India Mutual Fund,,INF204K01XI3,Equity Scheme - Large Cap Fund,118632,Nippon Large Cap,Open Ended Schemes,20-09-2017,32.38930
Nippon Large Cap,118632,Nippon India Mutual Fund,,INF204K01XI3,Equity Scheme - Large Cap Fund,118632,Nippon Large Cap,Open Ended Schemes,19-09-2017,32.31930
Nippon Large Cap,118632,Nippon India Mutual Fund,,INF204K01XI3,Equity Scheme - Large Cap Fund,118632,Nippon Large Cap,Open Ended Schemes,18-09-2017,32.30210
Nippon Large Cap,118632,Nippon India Mutual Fund,,INF204K01XI3,Equity Scheme - Large Cap Fund,118632,Nippon Large Cap,Open Ended Schemes,15-09-2017,32.18040
Nippon Large Cap,118632,Nippon India Mutual Fund,,INF204K01XI3,Equity Scheme - Large Cap Fund,118632,Nippon Large Cap,Open Ended Schemes,14-09-2017,32.22050
Nippon Large Cap,118632,Nippon India Mutual Fund,,INF204K01XI3,Equity Scheme - Large Cap Fund,118632,Nippon Large Cap,Open Ended Schemes,13-09-2017,31.99190
Nippon Large Cap,118632,Nippon India Mutual Fund,,INF204K01XI3,Equity Scheme - Large Cap Fund,118632,Nippon Large Cap,Open Ended Schemes,12-09-2017,32.09400
Nippon Large Cap,118632,Nippon India Mutual Fund,,INF204K01XI3,Equity Scheme - Large Cap Fund,118632,Nippon Large Cap,Open Ended Schemes,11-09-2017,31.63470
Nippon Large Cap,118632,Nippon India Mutual Fund,,INF204K01XI3,Equity Scheme - Large Cap Fund,118632,Nippon Large Cap,Open Ended Schemes,08-09-2017,31.42320
Nippon Large Cap,118632,Nippon India Mutual Fund,,INF204K01XI3,Equity Scheme - Large Cap Fund,118632,Nippon Large Cap,Open Ended Schemes,07-09-2017,31.48770
Nippon Large Cap,118632,Nippon India Mutual Fund,,INF204K01XI3,Equity Scheme - Large Cap Fund,118632,Nippon Large Cap,Open Ended Schemes,06-09-2017,31.37720
Nippon Large Cap,118632,Nippon India Mutual Fund,,INF204K01XI3,Equity Scheme - Large Cap Fund,118632,Nippon Large Cap,Open Ended Schemes,05-09-2017,31.55850
Nippon Large Cap,118632,Nippon India Mutual Fund,,INF204K01XI3,Equity Scheme - Large Cap Fund,118632,Nippon Large Cap,Open Ended Schemes,04-09-2017,31.43610
Nippon Large Cap,118632,Nippon India Mutual Fund,,INF204K01XI3,Equity Scheme - Large Cap Fund,118632,Nippon Large Cap,Open Ended Schemes,01-09-2017,31.66910
Nippon Large Cap,118632,Nippon India Mutual Fund,,INF204K01XI3,Equity Scheme - Large Cap Fund,118632,Nippon Large Cap,Open Ended Schemes,31-08-2017,31.41410
Nippon Large Cap,118632,Nippon India Mutual Fund,,INF204K01XI3,Equity Scheme - Large Cap Fund,118632,Nippon Large Cap,Open Ended Schemes,30-08-2017,31.40150
Nippon Large Cap,118632,Nippon India Mutual Fund,,INF204K01XI3,Equity Scheme - Large Cap Fund,118632,Nippon Large Cap,Open Ended Schemes,29-08-2017,31.10490
Nippon Large Cap,118632,Nippon India Mutual Fund,,INF204K01XI3,Equity Scheme - Large Cap Fund,118632,Nippon Large Cap,Open Ended Schemes,28-08-2017,31.46220
Nippon Large Cap,118632,Nippon India Mutual Fund,,INF204K01XI3,Equity Scheme - Large Cap Fund,118632,Nippon Large Cap,Open Ended Schemes,24-08-2017,31.21310
Nippon Large Cap,118632,Nippon India Mutual Fund,,INF204K01XI3,Equity Scheme - Large Cap Fund,118632,Nippon Large Cap,Open Ended Schemes,23-08-2017,31.11190
Nippon Large Cap,118632,Nippon India Mutual Fund,,INF204K01XI3,Equity Scheme - Large Cap Fund,118632,Nippon Large Cap,Open Ended Schemes,22-08-2017,30.79240
Nippon Large Cap,118632,Nippon India Mutual Fund,,INF204K01XI3,Equity Scheme - Large Cap Fund,118632,Nippon Large Cap,Open Ended Schemes,21-08-2017,30.75480
Nippon Large Cap,118632,Nippon India Mutual Fund,,INF204K01XI3,Equity Scheme - Large Cap Fund,118632,Nippon Large Cap,Open Ended Schemes,18-08-2017,31.11700
Nippon Large Cap,118632,Nippon India Mutual Fund,,INF204K01XI3,Equity Scheme - Large Cap Fund,118632,Nippon Large Cap,Open Ended Schemes,17-08-2017,31.42550
Nippon Large Cap,118632,Nippon India Mutual Fund,,INF204K01XI3,Equity Scheme - Large Cap Fund,118632,Nippon Large Cap,Open Ended Schemes,16-08-2017,31.42070
Nippon Large Cap,118632,Nippon India Mutual Fund,,INF204K01XI3,Equity Scheme - Large Cap Fund,118632,Nippon Large Cap,Open Ended Schemes,14-08-2017,31.02020
Nippon Large Cap,118632,Nippon India Mutual Fund,,INF204K01XI3,Equity Scheme - Large Cap Fund,118632,Nippon Large Cap,Open Ended Schemes,11-08-2017,30.66170
Nippon Large Cap,118632,Nippon India Mutual Fund,,INF204K01XI3,Equity Scheme - Large Cap Fund,118632,Nippon Large Cap,Open Ended Schemes,10-08-2017,30.90670
Nippon Large Cap,118632,Nippon India Mutual Fund,,INF204K01XI3,Equity Scheme - Large Cap Fund,118632,Nippon Large Cap,Open Ended Schemes,09-08-2017,31.24460
Nippon Large Cap,118632,Nippon India Mutual Fund,,INF204K01XI3,Equity Scheme - Large Cap Fund,118632,Nippon Large Cap,Open Ended Schemes,08-08-2017,31.61790
Nippon Large Cap,118632,Nippon India Mutual Fund,,INF204K01XI3,Equity Scheme - Large Cap Fund,118632,Nippon Large Cap,Open Ended Schemes,07-08-2017,31.88460
Nippon Large Cap,118632,Nippon India Mutual Fund,,INF204K01XI3,Equity Scheme - Large Cap Fund,118632,Nippon Large Cap,Open Ended Schemes,04-08-2017,31.75710
Nippon Large Cap,118632,Nippon India Mutual Fund,,INF204K01XI3,Equity Scheme - Large Cap Fund,118632,Nippon Large Cap,Open Ended Schemes,03-08-2017,31.67370
Nippon Large Cap,118632,Nippon India Mutual Fund,,INF204K01XI3,Equity Scheme - Large Cap Fund,118632,Nippon Large Cap,Open Ended Schemes,02-08-2017,32.01170
Nippon Large Cap,118632,Nippon India Mutual Fund,,INF204K01XI3,Equity Scheme - Large Cap Fund,118632,Nippon Large Cap,Open Ended Schemes,01-08-2017,32.10630
Nippon Large Cap,118632,Nippon India Mutual Fund,,INF204K01XI3,Equity Scheme - Large Cap Fund,118632,Nippon Large Cap,Open Ended Schemes,31-07-2017,32.05350
Nippon Large Cap,118632,Nippon India Mutual Fund,,INF204K01XI3,Equity Scheme - Large Cap Fund,118632,Nippon Large Cap,Open Ended Schemes,28-07-2017,31.82240
Nippon Large Cap,118632,Nippon India Mutual Fund,,INF204K01XI3,Equity Scheme - Large Cap Fund,118632,Nippon Large Cap,Open Ended Schemes,27-07-2017,31.80260
Nippon Large Cap,118632,Nippon India Mutual Fund,,INF204K01XI3,Equity Scheme - Large Cap Fund,118632,Nippon Large Cap,Open Ended Schemes,26-07-2017,31.84410
Nippon Large Cap,118632,Nippon India Mutual Fund,,INF204K01XI3,Equity Scheme - Large Cap Fund,118632,Nippon Large Cap,Open Ended Schemes,25-07-2017,31.70530
Nippon Large Cap,118632,Nippon India Mutual Fund,,INF204K01XI3,Equity Scheme - Large Cap Fund,118632,Nippon Large Cap,Open Ended Schemes,24-07-2017,31.66340
Nippon Large Cap,118632,Nippon India Mutual Fund,,INF204K01XI3,Equity Scheme - Large Cap Fund,118632,Nippon Large Cap,Open Ended Schemes,21-07-2017,31.63640
Nippon Large Cap,118632,Nippon India Mutual Fund,,INF204K01XI3,Equity Scheme - Large Cap Fund,118632,Nippon Large Cap,Open Ended Schemes,20-07-2017,31.61090
Nippon Large Cap,118632,Nippon India Mutual Fund,,INF204K01XI3,Equity Scheme - Large Cap Fund,118632,Nippon Large Cap,Open Ended Schemes,19-07-2017,31.69470
Nippon Large Cap,118632,Nippon India Mutual Fund,,INF204K01XI3,Equity Scheme - Large Cap Fund,118632,Nippon Large Cap,Open Ended Schemes,18-07-2017,31.45520
Nippon Large Cap,118632,Nippon India Mutual Fund,,INF204K01XI3,Equity Scheme - Large Cap Fund,118632,Nippon Large Cap,Open Ended Schemes,17-07-2017,31.68830
Nippon Large Cap,118632,Nippon India Mutual Fund,,INF204K01XI3,Equity Scheme - Large Cap Fund,118632,Nippon Large Cap,Open Ended Schemes,14-07-2017,31.57940
Nippon Large Cap,118632,Nippon India Mutual Fund,,INF204K01XI3,Equity Scheme - Large Cap Fund,118632,Nippon Large Cap,Open Ended Schemes,13-07-2017,31.49590
Nippon Large Cap,118632,Nippon India Mutual Fund,,INF204K01XI3,Equity Scheme - Large Cap Fund,118632,Nippon Large Cap,Open Ended Schemes,12-07-2017,31.25960
Nippon Large Cap,118632,Nippon India Mutual Fund,,INF204K01XI3,Equity Scheme - Large Cap Fund,118632,Nippon Large Cap,Open Ended Schemes,11-07-2017,31.14320
Nippon Large Cap,118632,Nippon India Mutual Fund,,INF204K01XI3,Equity Scheme - Large Cap Fund,118632,Nippon Large Cap,Open Ended Schemes,10-07-2017,31.20730
Nippon Large Cap,118632,Nippon India Mutual Fund,,INF204K01XI3,Equity Scheme - Large Cap Fund,118632,Nippon Large Cap,Open Ended Schemes,07-07-2017,30.91410
Nippon Large Cap,118632,Nippon India Mutual Fund,,INF204K01XI3,Equity Scheme - Large Cap Fund,118632,Nippon Large Cap,Open Ended Schemes,06-07-2017,30.91830
Nippon Large Cap,118632,Nippon India Mutual Fund,,INF204K01XI3,Equity Scheme - Large Cap Fund,118632,Nippon Large Cap,Open Ended Schemes,05-07-2017,30.74530
Nippon Large Cap,118632,Nippon India Mutual Fund,,INF204K01XI3,Equity Scheme - Large Cap Fund,118632,Nippon Large Cap,Open Ended Schemes,04-07-2017,30.64690
Nippon Large Cap,118632,Nippon India Mutual Fund,,INF204K01XI3,Equity Scheme - Large Cap Fund,118632,Nippon Large Cap,Open Ended Schemes,03-07-2017,30.70760
Nippon Large Cap,118632,Nippon India Mutual Fund,,INF204K01XI3,Equity Scheme - Large Cap Fund,118632,Nippon Large Cap,Open Ended Schemes,30-06-2017,30.46720
Nippon Large Cap,118632,Nippon India Mutual Fund,,INF204K01XI3,Equity Scheme - Large Cap Fund,118632,Nippon Large Cap,Open Ended Schemes,29-06-2017,30.27740
Nippon Large Cap,118632,Nippon India Mutual Fund,,INF204K01XI3,Equity Scheme - Large Cap Fund,118632,Nippon Large Cap,Open Ended Schemes,28-06-2017,30.17190
Nippon Large Cap,118632,Nippon India Mutual Fund,,INF204K01XI3,Equity Scheme - Large Cap Fund,118632,Nippon Large Cap,Open Ended Schemes,27-06-2017,30.18950
Nippon Large Cap,118632,Nippon India Mutual Fund,,INF204K01XI3,Equity Scheme - Large Cap Fund,118632,Nippon Large Cap,Open Ended Schemes,23-06-2017,30.45230
Nippon Large Cap,118632,Nippon India Mutual Fund,,INF204K01XI3,Equity Scheme - Large Cap Fund,118632,Nippon Large Cap,Open Ended Schemes,22-06-2017,30.63260
Nippon Large Cap,118632,Nippon India Mutual Fund,,INF204K01XI3,Equity Scheme - Large Cap Fund,118632,Nippon Large Cap,Open Ended Schemes,21-06-2017,30.63390
Nippon Large Cap,118632,Nippon India Mutual Fund,,INF204K01XI3,Equity Scheme - Large Cap Fund,118632,Nippon Large Cap,Open Ended Schemes,20-06-2017,30.64660
Nippon Large Cap,118632,Nippon India Mutual Fund,,INF204K01XI3,Equity Scheme - Large Cap Fund,118632,Nippon Large Cap,Open Ended Schemes,19-06-2017,30.63730
Nippon Large Cap,118632,Nippon India Mutual Fund,,INF204K01XI3,Equity Scheme - Large Cap Fund,118632,Nippon Large Cap,Open Ended Schemes,16-06-2017,30.48800
Nippon Large Cap,118632,Nippon India Mutual Fund,,INF204K01XI3,Equity Scheme - Large Cap Fund,118632,Nippon Large Cap,Open Ended Schemes,15-06-2017,30.42690
Nippon Large Cap,118632,Nippon India Mutual Fund,,INF204K01XI3,Equity Scheme - Large Cap Fund,118632,Nippon Large Cap,Open Ended Schemes,14-06-2017,30.38410
Nippon Large Cap,118632,Nippon India Mutual Fund,,INF204K01XI3,Equity Scheme - Large Cap Fund,118632,Nippon Large Cap,Open Ended Schemes,13-06-2017,30.40370
Nippon Large Cap,118632,Nippon India Mutual Fund,,INF204K01XI3,Equity Scheme - Large Cap Fund,118632,Nippon Large Cap,Open Ended Schemes,12-06-2017,30.34470
Nippon Large Cap,118632,Nippon India Mutual Fund,,INF204K01XI3,Equity Scheme - Large Cap Fund,118632,Nippon Large Cap,Open Ended Schemes,09-06-2017,30.52590
Nippon Large Cap,118632,Nippon India Mutual Fund,,INF204K01XI3,Equity Scheme - Large Cap Fund,118632,Nippon Large Cap,Open Ended Schemes,08-06-2017,30.50600
Nippon Large Cap,118632,Nippon India Mutual Fund,,INF204K01XI3,Equity Scheme - Large Cap Fund,118632,Nippon Large Cap,Open Ended Schemes,07-06-2017,30.40990
Nippon Large Cap,118632,Nippon India Mutual Fund,,INF204K01XI3,Equity Scheme - Large Cap Fund,118632,Nippon Large Cap,Open Ended Schemes,06-06-2017,30.22900
Nippon Large Cap,118632,Nippon India Mutual Fund,,INF204K01XI3,Equity Scheme - Large Cap Fund,118632,Nippon Large Cap,Open Ended Schemes,05-06-2017,30.35140
Nippon Large Cap,118632,Nippon India Mutual Fund,,INF204K01XI3,Equity Scheme - Large Cap Fund,118632,Nippon Large Cap,Open Ended Schemes,02-06-2017,30.30310
Nippon Large Cap,118632,Nippon India Mutual Fund,,INF204K01XI3,Equity Scheme - Large Cap Fund,118632,Nippon Large Cap,Open Ended Schemes,01-06-2017,30.13270
Nippon Large Cap,118632,Nippon India Mutual Fund,,INF204K01XI3,Equity Scheme - Large Cap Fund,118632,Nippon Large Cap,Open Ended Schemes,31-05-2017,30.10170
Nippon Large Cap,118632,Nippon India Mutual Fund,,INF204K01XI3,Equity Scheme - Large Cap Fund,118632,Nippon Large Cap,Open Ended Schemes,30-05-2017,29.97350
Nippon Large Cap,118632,Nippon India Mutual Fund,,INF204K01XI3,Equity Scheme - Large Cap Fund,118632,Nippon Large Cap,Open Ended Schemes,29-05-2017,29.83610
Nippon Large Cap,118632,Nippon India Mutual Fund,,INF204K01XI3,Equity Scheme - Large Cap Fund,118632,Nippon Large Cap,Open Ended Schemes,26-05-2017,29.96620
Nippon Large Cap,118632,Nippon India Mutual Fund,,INF204K01XI3,Equity Scheme - Large Cap Fund,118632,Nippon Large Cap,Open Ended Schemes,25-05-2017,29.59000
Nippon Large Cap,118632,Nippon India Mutual Fund,,INF204K01XI3,Equity Scheme - Large Cap Fund,118632,Nippon Large Cap,Open Ended Schemes,24-05-2017,29.16710
Nippon Large Cap,118632,Nippon India Mutual Fund,,INF204K01XI3,Equity Scheme - Large Cap Fund,118632,Nippon Large Cap,Open Ended Schemes,23-05-2017,29.45380
Nippon Large Cap,118632,Nippon India Mutual Fund,,INF204K01XI3,Equity Scheme - Large Cap Fund,118632,Nippon Large Cap,Open Ended Schemes,22-05-2017,29.76120
Nippon Large Cap,118632,Nippon India Mutual Fund,,INF204K01XI3,Equity Scheme - Large Cap Fund,118632,Nippon Large Cap,Open Ended Schemes,19-05-2017,29.89710
Nippon Large Cap,118632,Nippon India Mutual Fund,,INF204K01XI3,Equity Scheme - Large Cap Fund,118632,Nippon Large Cap,Open Ended Schemes,18-05-2017,29.95070
Nippon Large Cap,118632,Nippon India Mutual Fund,,INF204K01XI3,Equity Scheme - Large Cap Fund,118632,Nippon Large Cap,Open Ended Schemes,17-05-2017,30.37740
Nippon Large Cap,118632,Nippon India Mutual Fund,,INF204K01XI3,Equity Scheme - Large Cap Fund,118632,Nippon Large Cap,Open Ended Schemes,16-05-2017,30.33290
Nippon Large Cap,118632,Nippon India Mutual Fund,,INF204K01XI3,Equity Scheme - Large Cap Fund,118632,Nippon Large Cap,Open Ended Schemes,15-05-2017,30.19350
Nippon Large Cap,118632,Nippon India Mutual Fund,,INF204K01XI3,Equity Scheme - Large Cap Fund,118632,Nippon Large Cap,Open Ended Schemes,12-05-2017,29.93220
Nippon Large Cap,118632,Nippon India Mutual Fund,,INF204K01XI3,Equity Scheme - Large Cap Fund,118632,Nippon Large Cap,Open Ended Schemes,11-05-2017,30.03100
Nippon Large Cap,118632,Nippon India Mutual Fund,,INF204K01XI3,Equity Scheme - Large Cap Fund,118632,Nippon Large Cap,Open Ended Schemes,10-05-2017,29.95940
Nippon Large Cap,118632,Nippon India Mutual Fund,,INF204K01XI3,Equity Scheme - Large Cap Fund,118632,Nippon Large Cap,Open Ended Schemes,09-05-2017,29.67650
Nippon Large Cap,118632,Nippon India Mutual Fund,,INF204K01XI3,Equity Scheme - Large Cap Fund,118632,Nippon Large Cap,Open Ended Schemes,08-05-2017,29.55040
Nippon Large Cap,118632,Nippon India Mutual Fund,,INF204K01XI3,Equity Scheme - Large Cap Fund,118632,Nippon Large Cap,Open Ended Schemes,05-05-2017,29.41090
Nippon Large Cap,118632,Nippon India Mutual Fund,,INF204K01XI3,Equity Scheme - Large Cap Fund,118632,Nippon Large Cap,Open Ended Schemes,04-05-2017,29.61050
Nippon Large Cap,118632,Nippon India Mutual Fund,,INF204K01XI3,Equity Scheme - Large Cap Fund,118632,Nippon Large Cap,Open Ended Schemes,03-05-2017,29.46670
Nippon Large Cap,118632,Nippon India Mutual Fund,,INF204K01XI3,Equity Scheme - Large Cap Fund,118632,Nippon Large Cap,Open Ended Schemes,02-05-2017,29.46000
Nippon Large Cap,118632,Nippon India Mutual Fund,,INF204K01XI3,Equity Scheme - Large Cap Fund,118632,Nippon Large Cap,Open Ended Schemes,28-04-2017,29.42780
Nippon Large Cap,118632,Nippon India Mutual Fund,,INF204K01XI3,Equity Scheme - Large Cap Fund,118632,Nippon Large Cap,Open Ended Schemes,27-04-2017,29.43870
Nippon Large Cap,118632,Nippon India Mutual Fund,,INF204K01XI3,Equity Scheme - Large Cap Fund,118632,Nippon Large Cap,Open Ended Schemes,26-04-2017,29.51730
Nippon Large Cap,118632,Nippon India Mutual Fund,,INF204K01XI3,Equity Scheme - Large Cap Fund,118632,Nippon Large Cap,Open Ended Schemes,25-04-2017,29.39210
Nippon Large Cap,118632,Nippon India Mutual Fund,,INF204K01XI3,Equity Scheme - Large Cap Fund,118632,Nippon Large Cap,Open Ended Schemes,24-04-2017,29.12860
Nippon Large Cap,118632,Nippon India Mutual Fund,,INF204K01XI3,Equity Scheme - Large Cap Fund,118632,Nippon Large Cap,Open Ended Schemes,21-04-2017,28.80380
Nippon Large Cap,118632,Nippon India Mutual Fund,,INF204K01XI3,Equity Scheme - Large Cap Fund,118632,Nippon Large Cap,Open Ended Schemes,20-04-2017,28.86300
Nippon Large Cap,118632,Nippon India Mutual Fund,,INF204K01XI3,Equity Scheme - Large Cap Fund,118632,Nippon Large Cap,Open Ended Schemes,19-04-2017,28.75780
Nippon Large Cap,118632,Nippon India Mutual Fund,,INF204K01XI3,Equity Scheme - Large Cap Fund,118632,Nippon Large Cap,Open Ended Schemes,18-04-2017,28.76910
Nippon Large Cap,118632,Nippon India Mutual Fund,,INF204K01XI3,Equity Scheme - Large Cap Fund,118632,Nippon Large Cap,Open Ended Schemes,17-04-2017,28.97220
Nippon Large Cap,118632,Nippon India Mutual Fund,,INF204K01XI3,Equity Scheme - Large Cap Fund,118632,Nippon Large Cap,Open Ended Schemes,13-04-2017,29.07910
Nippon Large Cap,118632,Nippon India Mutual Fund,,INF204K01XI3,Equity Scheme - Large Cap Fund,118632,Nippon Large Cap,Open Ended Schemes,12-04-2017,29.22110
Nippon Large Cap,118632,Nippon India Mutual Fund,,INF204K01XI3,Equity Scheme - Large Cap Fund,118632,Nippon Large Cap,Open Ended Schemes,11-04-2017,29.32290
Nippon Large Cap,118632,Nippon India Mutual Fund,,INF204K01XI3,Equity Scheme - Large Cap Fund,118632,Nippon Large Cap,Open Ended Schemes,10-04-2017,29.03890
Nippon Large Cap,118632,Nippon India Mutual Fund,,INF204K01XI3,Equity Scheme - Large Cap Fund,118632,Nippon Large Cap,Open Ended Schemes,07-04-2017,28.95000
Nippon Large Cap,118632,Nippon India Mutual Fund,,INF204K01XI3,Equity Scheme - Large Cap Fund,118632,Nippon Large Cap,Open Ended Schemes,06-04-2017,28.98120
Nippon Large Cap,118632,Nippon India Mutual Fund,,INF204K01XI3,Equity Scheme - Large Cap Fund,118632,Nippon Large Cap,Open Ended Schemes,05-04-2017,29.04290
Nippon Large Cap,118632,Nippon India Mutual Fund,,INF204K01XI3,Equity Scheme - Large Cap Fund,118632,Nippon Large Cap,Open Ended Schemes,03-04-2017,28.91100
Nippon Large Cap,118632,Nippon India Mutual Fund,,INF204K01XI3,Equity Scheme - Large Cap Fund,118632,Nippon Large Cap,Open Ended Schemes,31-03-2017,28.65330
Nippon Large Cap,118632,Nippon India Mutual Fund,,INF204K01XI3,Equity Scheme - Large Cap Fund,118632,Nippon Large Cap,Open Ended Schemes,30-03-2017,28.55090
Nippon Large Cap,118632,Nippon India Mutual Fund,,INF204K01XI3,Equity Scheme - Large Cap Fund,118632,Nippon Large Cap,Open Ended Schemes,29-03-2017,28.44920
Nippon Large Cap,118632,Nippon India Mutual Fund,,INF204K01XI3,Equity Scheme - Large Cap Fund,118632,Nippon Large Cap,Open Ended Schemes,28-03-2017,28.32460
Nippon Large Cap,118632,Nippon India Mutual Fund,,INF204K01XI3,Equity Scheme - Large Cap Fund,118632,Nippon Large Cap,Open Ended Schemes,27-03-2017,28.17390
Nippon Large Cap,118632,Nippon India Mutual Fund,,INF204K01XI3,Equity Scheme - Large Cap Fund,118632,Nippon Large Cap,Open Ended Schemes,24-03-2017,28.25640
Nippon Large Cap,118632,Nippon India Mutual Fund,,INF204K01XI3,Equity Scheme - Large Cap Fund,118632,Nippon Large Cap,Open Ended Schemes,23-03-2017,28.13650
Nippon Large Cap,118632,Nippon India Mutual Fund,,INF204K01XI3,Equity Scheme - Large Cap Fund,118632,Nippon Large Cap,Open Ended Schemes,22-03-2017,27.89710
Nippon Large Cap,118632,Nippon India Mutual Fund,,INF204K01XI3,Equity Scheme - Large Cap Fund,118632,Nippon Large Cap,Open Ended Schemes,21-03-2017,28.18440
Nippon Large Cap,118632,Nippon India Mutual Fund,,INF204K01XI3,Equity Scheme - Large Cap Fund,118632,Nippon Large Cap,Open Ended Schemes,20-03-2017,28.25150
Nippon Large Cap,118632,Nippon India Mutual Fund,,INF204K01XI3,Equity Scheme - Large Cap Fund,118632,Nippon Large Cap,Open Ended Schemes,17-03-2017,28.29200
Nippon Large Cap,118632,Nippon India Mutual Fund,,INF204K01XI3,Equity Scheme - Large Cap Fund,118632,Nippon Large Cap,Open Ended Schemes,16-03-2017,28.29940
Nippon Large Cap,118632,Nippon India Mutual Fund,,INF204K01XI3,Equity Scheme - Large Cap Fund,118632,Nippon Large Cap,Open Ended Schemes,15-03-2017,28.04990
Nippon Large Cap,118632,Nippon India Mutual Fund,,INF204K01XI3,Equity Scheme - Large Cap Fund,118632,Nippon Large Cap,Open Ended Schemes,14-03-2017,27.91090
Nippon Large Cap,118632,Nippon India Mutual Fund,,INF204K01XI3,Equity Scheme - Large Cap Fund,118632,Nippon Large Cap,Open Ended Schemes,10-03-2017,27.48250
Nippon Large Cap,118632,Nippon India Mutual Fund,,INF204K01XI3,Equity Scheme - Large Cap Fund,118632,Nippon Large Cap,Open Ended Schemes,09-03-2017,27.47880
Nippon Large Cap,118632,Nippon India Mutual Fund,,INF204K01XI3,Equity Scheme - Large Cap Fund,118632,Nippon Large Cap,Open Ended Schemes,08-03-2017,27.51820
Nippon Large Cap,118632,Nippon India Mutual Fund,,INF204K01XI3,Equity Scheme - Large Cap Fund,118632,Nippon Large Cap,Open Ended Schemes,07-03-2017,27.56370
Nippon Large Cap,118632,Nippon India Mutual Fund,,INF204K01XI3,Equity Scheme - Large Cap Fund,118632,Nippon Large Cap,Open Ended Schemes,06-03-2017,27.67300
Nippon Large Cap,118632,Nippon India Mutual Fund,,INF204K01XI3,Equity Scheme - Large Cap Fund,118632,Nippon Large Cap,Open Ended Schemes,03-03-2017,27.48860
Nippon Large Cap,118632,Nippon India Mutual Fund,,INF204K01XI3,Equity Scheme - Large Cap Fund,118632,Nippon Large Cap,Open Ended Schemes,02-03-2017,27.46850
Nippon Large Cap,118632,Nippon India Mutual Fund,,INF204K01XI3,Equity Scheme - Large Cap Fund,118632,Nippon Large Cap,Open Ended Schemes,01-03-2017,27.76670
Nippon Large Cap,118632,Nippon India Mutual Fund,,INF204K01XI3,Equity Scheme - Large Cap Fund,118632,Nippon Large Cap,Open Ended Schemes,28-02-2017,27.59490
Nippon Large Cap,118632,Nippon India Mutual Fund,,INF204K01XI3,Equity Scheme - Large Cap Fund,118632,Nippon Large Cap,Open Ended Schemes,27-02-2017,27.55590
Nippon Large Cap,118632,Nippon India Mutual Fund,,INF204K01XI3,Equity Scheme - Large Cap Fund,118632,Nippon Large Cap,Open Ended Schemes,23-02-2017,27.62760
Nippon Large Cap,118632,Nippon India Mutual Fund,,INF204K01XI3,Equity Scheme - Large Cap Fund,118632,Nippon Large Cap,Open Ended Schemes,22-02-2017,27.66010
Nippon Large Cap,118632,Nippon India Mutual Fund,,INF204K01XI3,Equity Scheme - Large Cap Fund,118632,Nippon Large Cap,Open Ended Schemes,21-02-2017,27.68300
Nippon Large Cap,118632,Nippon India Mutual Fund,,INF204K01XI3,Equity Scheme - Large Cap Fund,118632,Nippon Large Cap,Open Ended Schemes,20-02-2017,27.55390
Nippon Large Cap,118632,Nippon India Mutual Fund,,INF204K01XI3,Equity Scheme - Large Cap Fund,118632,Nippon Large Cap,Open Ended Schemes,17-02-2017,27.44760
Nippon Large Cap,118632,Nippon India Mutual Fund,,INF204K01XI3,Equity Scheme - Large Cap Fund,118632,Nippon Large Cap,Open Ended Schemes,16-02-2017,27.32130
Nippon Large Cap,118632,Nippon India Mutual Fund,,INF204K01XI3,Equity Scheme - Large Cap Fund,118632,Nippon Large Cap,Open Ended Schemes,15-02-2017,26.93860
Nippon Large Cap,118632,Nippon India Mutual Fund,,INF204K01XI3,Equity Scheme - Large Cap Fund,118632,Nippon Large Cap,Open Ended Schemes,14-02-2017,27.14320
Nippon Large Cap,118632,Nippon India Mutual Fund,,INF204K01XI3,Equity Scheme - Large Cap Fund,118632,Nippon Large Cap,Open Ended Schemes,13-02-2017,27.14100
Nippon Large Cap,118632,Nippon India Mutual Fund,,INF204K01XI3,Equity Scheme - Large Cap Fund,118632,Nippon Large Cap,Open Ended Schemes,10-02-2017,27.14670
Nippon Large Cap,118632,Nippon India Mutual Fund,,INF204K01XI3,Equity Scheme - Large Cap Fund,118632,Nippon Large Cap,Open Ended Schemes,09-02-2017,27.18610
Nippon Large Cap,118632,Nippon India Mutual Fund,,INF204K01XI3,Equity Scheme - Large Cap Fund,118632,Nippon Large Cap,Open Ended Schemes,08-02-2017,27.07700
Nippon Large Cap,118632,Nippon India Mutual Fund,,INF204K01XI3,Equity Scheme - Large Cap Fund,118632,Nippon Large Cap,Open Ended Schemes,07-02-2017,27.05820
Nippon Large Cap,118632,Nippon India Mutual Fund,,INF204K01XI3,Equity Scheme - Large Cap Fund,118632,Nippon Large Cap,Open Ended Schemes,06-02-2017,27.14660
Nippon Large Cap,118632,Nippon India Mutual Fund,,INF204K01XI3,Equity Scheme - Large Cap Fund,118632,Nippon Large Cap,Open Ended Schemes,03-02-2017,26.84790
Nippon Large Cap,118632,Nippon India Mutual Fund,,INF204K01XI3,Equity Scheme - Large Cap Fund,118632,Nippon Large Cap,Open Ended Schemes,02-02-2017,26.82020
Nippon Large Cap,118632,Nippon India Mutual Fund,,INF204K01XI3,Equity Scheme - Large Cap Fund,118632,Nippon Large Cap,Open Ended Schemes,01-02-2017,26.63480
Nippon Large Cap,118632,Nippon India Mutual Fund,,INF204K01XI3,Equity Scheme - Large Cap Fund,118632,Nippon Large Cap,Open Ended Schemes,31-01-2017,26.04450
Nippon Large Cap,118632,Nippon India Mutual Fund,,INF204K01XI3,Equity Scheme - Large Cap Fund,118632,Nippon Large Cap,Open Ended Schemes,30-01-2017,26.32990
Nippon Large Cap,118632,Nippon India Mutual Fund,,INF204K01XI3,Equity Scheme - Large Cap Fund,118632,Nippon Large Cap,Open Ended Schemes,27-01-2017,26.37100
Nippon Large Cap,118632,Nippon India Mutual Fund,,INF204K01XI3,Equity Scheme - Large Cap Fund,118632,Nippon Large Cap,Open Ended Schemes,25-01-2017,26.11450
Nippon Large Cap,118632,Nippon India Mutual Fund,,INF204K01XI3,Equity Scheme - Large Cap Fund,118632,Nippon Large Cap,Open Ended Schemes,24-01-2017,25.89930
Nippon Large Cap,118632,Nippon India Mutual Fund,,INF204K01XI3,Equity Scheme - Large Cap Fund,118632,Nippon Large Cap,Open Ended Schemes,23-01-2017,25.69940
Nippon Large Cap,118632,Nippon India Mutual Fund,,INF204K01XI3,Equity Scheme - Large Cap Fund,118632,Nippon Large Cap,Open Ended Schemes,20-01-2017,25.57890
Nippon Large Cap,118632,Nippon India Mutual Fund,,INF204K01XI3,Equity Scheme - Large Cap Fund,118632,Nippon Large Cap,Open Ended Schemes,19-01-2017,25.94110
Nippon Large Cap,118632,Nippon India Mutual Fund,,INF204K01XI3,Equity Scheme - Large Cap Fund,118632,Nippon Large Cap,Open Ended Schemes,18-01-2017,25.78760
Nippon Large Cap,118632,Nippon India Mutual Fund,,INF204K01XI3,Equity Scheme - Large Cap Fund,118632,Nippon Large Cap,Open Ended Schemes,17-01-2017,25.62600
Nippon Large Cap,118632,Nippon India Mutual Fund,,INF204K01XI3,Equity Scheme - Large Cap Fund,118632,Nippon Large Cap,Open Ended Schemes,16-01-2017,25.68490
Nippon Large Cap,118632,Nippon India Mutual Fund,,INF204K01XI3,Equity Scheme - Large Cap Fund,118632,Nippon Large Cap,Open Ended Schemes,13-01-2017,25.68320
Nippon Large Cap,118632,Nippon India Mutual Fund,,INF204K01XI3,Equity Scheme - Large Cap Fund,118632,Nippon Large Cap,Open Ended Schemes,12-01-2017,25.66860
Nippon Large Cap,118632,Nippon India Mutual Fund,,INF204K01XI3,Equity Scheme - Large Cap Fund,118632,Nippon Large Cap,Open Ended Schemes,11-01-2017,25.56530
Nippon Large Cap,118632,Nippon India Mutual Fund,,INF204K01XI3,Equity Scheme - Large Cap Fund,118632,Nippon Large Cap,Open Ended Schemes,10-01-2017,25.33050
Nippon Large Cap,118632,Nippon India Mutual Fund,,INF204K01XI3,Equity Scheme - Large Cap Fund,118632,Nippon Large Cap,Open Ended Schemes,09-01-2017,25.08590
Nippon Large Cap,118632,Nippon India Mutual Fund,,INF204K01XI3,Equity Scheme - Large Cap Fund,118632,Nippon Large Cap,Open Ended Schemes,06-01-2017,25.07660
Nippon Large Cap,118632,Nippon India Mutual Fund,,INF204K01XI3,Equity Scheme - Large Cap Fund,118632,Nippon Large Cap,Open Ended Schemes,05-01-2017,25.17550
Nippon Large Cap,118632,Nippon India Mutual Fund,,INF204K01XI3,Equity Scheme - Large Cap Fund,118632,Nippon Large Cap,Open Ended Schemes,04-01-2017,24.98210
Nippon Large Cap,118632,Nippon India Mutual Fund,,INF204K01XI3,Equity Scheme - Large Cap Fund,118632,Nippon Large Cap,Open Ended Schemes,03-01-2017,25.04890
Nippon Large Cap,118632,Nippon India Mutual Fund,,INF204K01XI3,Equity Scheme - Large Cap Fund,118632,Nippon Large Cap,Open Ended Schemes,02-01-2017,24.88960
Nippon Large Cap,118632,Nippon India Mutual Fund,,INF204K01XI3,Equity Scheme - Large Cap Fund,118632,Nippon Large Cap,Open Ended Schemes,30-12-2016,24.87220
Nippon Large Cap,118632,Nippon India Mutual Fund,,INF204K01XI3,Equity Scheme - Large Cap Fund,118632,Nippon Large Cap,Open Ended Schemes,29-12-2016,24.60900
Nippon Large Cap,118632,Nippon India Mutual Fund,,INF204K01XI3,Equity Scheme - Large Cap Fund,118632,Nippon Large Cap,Open Ended Schemes,28-12-2016,24.44050
Nippon Large Cap,118632,Nippon India Mutual Fund,,INF204K01XI3,Equity Scheme - Large Cap Fund,118632,Nippon Large Cap,Open Ended Schemes,27-12-2016,24.39430
Nippon Large Cap,118632,Nippon India Mutual Fund,,INF204K01XI3,Equity Scheme - Large Cap Fund,118632,Nippon Large Cap,Open Ended Schemes,26-12-2016,24.01740
Nippon Large Cap,118632,Nippon India Mutual Fund,,INF204K01XI3,Equity Scheme - Large Cap Fund,118632,Nippon Large Cap,Open Ended Schemes,23-12-2016,24.36440
Nippon Large Cap,118632,Nippon India Mutual Fund,,INF204K01XI3,Equity Scheme - Large Cap Fund,118632,Nippon Large Cap,Open Ended Schemes,22-12-2016,24.51110
Nippon Large Cap,118632,Nippon India Mutual Fund,,INF204K01XI3,Equity Scheme - Large Cap Fund,118632,Nippon Large Cap,Open Ended Schemes,21-12-2016,24.79590
Nippon Large Cap,118632,Nippon India Mutual Fund,,INF204K01XI3,Equity Scheme - Large Cap Fund,118632,Nippon Large Cap,Open Ended Schemes,20-12-2016,24.84740
Nippon Large Cap,118632,Nippon India Mutual Fund,,INF204K01XI3,Equity Scheme - Large Cap Fund,118632,Nippon Large Cap,Open Ended Schemes,19-12-2016,25.07370
Nippon Large Cap,118632,Nippon India Mutual Fund,,INF204K01XI3,Equity Scheme - Large Cap Fund,118632,Nippon Large Cap,Open Ended Schemes,16-12-2016,25.09340
Nippon Large Cap,118632,Nippon India Mutual Fund,,INF204K01XI3,Equity Scheme - Large Cap Fund,118632,Nippon Large Cap,Open Ended Schemes,15-12-2016,25.13800
Nippon Large Cap,118632,Nippon India Mutual Fund,,INF204K01XI3,Equity Scheme - Large Cap Fund,118632,Nippon Large Cap,Open Ended Schemes,14-12-2016,25.16360
Nippon Large Cap,118632,Nippon India Mutual Fund,,INF204K01XI3,Equity Scheme - Large Cap Fund,118632,Nippon Large Cap,Open Ended Schemes,13-12-2016,25.30500
Nippon Large Cap,118632,Nippon India Mutual Fund,,INF204K01XI3,Equity Scheme - Large Cap Fund,118632,Nippon Large Cap,Open Ended Schemes,12-12-2016,25.14390
Nippon Large Cap,118632,Nippon India Mutual Fund,,INF204K01XI3,Equity Scheme - Large Cap Fund,118632,Nippon Large Cap,Open Ended Schemes,09-12-2016,25.39700
Nippon Large Cap,118632,Nippon India Mutual Fund,,INF204K01XI3,Equity Scheme - Large Cap Fund,118632,Nippon Large Cap,Open Ended Schemes,08-12-2016,25.27380
Nippon Large Cap,118632,Nippon India Mutual Fund,,INF204K01XI3,Equity Scheme - Large Cap Fund,118632,Nippon Large Cap,Open Ended Schemes,07-12-2016,24.86280
Nippon Large Cap,118632,Nippon India Mutual Fund,,INF204K01XI3,Equity Scheme - Large Cap Fund,118632,Nippon Large Cap,Open Ended Schemes,06-12-2016,24.92970
Nippon Large Cap,118632,Nippon India Mutual Fund,,INF204K01XI3,Equity Scheme - Large Cap Fund,118632,Nippon Large Cap,Open Ended Schemes,05-12-2016,24.85730
Nippon Large Cap,118632,Nippon India Mutual Fund,,INF204K01XI3,Equity Scheme - Large Cap Fund,118632,Nippon Large Cap,Open Ended Schemes,02-12-2016,24.71100
Nippon Large Cap,118632,Nippon India Mutual Fund,,INF204K01XI3,Equity Scheme - Large Cap Fund,118632,Nippon Large Cap,Open Ended Schemes,01-12-2016,25.04190
Nippon Large Cap,118632,Nippon India Mutual Fund,,INF204K01XI3,Equity Scheme - Large Cap Fund,118632,Nippon Large Cap,Open Ended Schemes,30-11-2016,25.21210
Nippon Large Cap,118632,Nippon India Mutual Fund,,INF204K01XI3,Equity Scheme - Large Cap Fund,118632,Nippon Large Cap,Open Ended Schemes,29-11-2016,24.96370
Nippon Large Cap,118632,Nippon India Mutual Fund,,INF204K01XI3,Equity Scheme - Large Cap Fund,118632,Nippon Large Cap,Open Ended Schemes,28-11-2016,24.80440
Nippon Large Cap,118632,Nippon India Mutual Fund,,INF204K01XI3,Equity Scheme - Large Cap Fund,118632,Nippon Large Cap,Open Ended Schemes,25-11-2016,24.84600
Nippon Large Cap,118632,Nippon India Mutual Fund,,INF204K01XI3,Equity Scheme - Large Cap Fund,118632,Nippon Large Cap,Open Ended Schemes,24-11-2016,24.49250
Nippon Large Cap,118632,Nippon India Mutual Fund,,INF204K01XI3,Equity Scheme - Large Cap Fund,118632,Nippon Large Cap,Open Ended Schemes,23-11-2016,24.74360
Nippon Large Cap,118632,Nippon India Mutual Fund,,INF204K01XI3,Equity Scheme - Large Cap Fund,118632,Nippon Large Cap,Open Ended Schemes,22-11-2016,24.60610
Nippon Large Cap,118632,Nippon India Mutual Fund,,INF204K01XI3,Equity Scheme - Large Cap Fund,118632,Nippon Large Cap,Open Ended Schemes,21-11-2016,24.38420
Nippon Large Cap,118632,Nippon India Mutual Fund,,INF204K01XI3,Equity Scheme - Large Cap Fund,118632,Nippon Large Cap,Open Ended Schemes,18-11-2016,25.00700
Nippon Large Cap,118632,Nippon India Mutual Fund,,INF204K01XI3,Equity Scheme - Large Cap Fund,118632,Nippon Large Cap,Open Ended Schemes,17-11-2016,25.05410
Nippon Large Cap,118632,Nippon India Mutual Fund,,INF204K01XI3,Equity Scheme - Large Cap Fund,118632,Nippon Large Cap,Open Ended Schemes,16-11-2016,25.09170
Nippon Large Cap,118632,Nippon India Mutual Fund,,INF204K01XI3,Equity Scheme - Large Cap Fund,118632,Nippon Large Cap,Open Ended Schemes,15-11-2016,25.13170
Nippon Large Cap,118632,Nippon India Mutual Fund,,INF204K01XI3,Equity Scheme - Large Cap Fund,118632,Nippon Large Cap,Open Ended Schemes,11-11-2016,25.67140
Nippon Large Cap,118632,Nippon India Mutual Fund,,INF204K01XI3,Equity Scheme - Large Cap Fund,118632,Nippon Large Cap,Open Ended Schemes,10-11-2016,26.44750
Nippon Large Cap,118632,Nippon India Mutual Fund,,INF204K01XI3,Equity Scheme - Large Cap Fund,118632,Nippon Large Cap,Open Ended Schemes,09-11-2016,25.98150
Nippon Large Cap,118632,Nippon India Mutual Fund,,INF204K01XI3,Equity Scheme - Large Cap Fund,118632,Nippon Large Cap,Open Ended Schemes,08-11-2016,26.17790
Nippon Large Cap,118632,Nippon India Mutual Fund,,INF204K01XI3,Equity Scheme - Large Cap Fund,118632,Nippon Large Cap,Open Ended Schemes,07-11-2016,26.02670
Nippon Large Cap,118632,Nippon India Mutual Fund,,INF204K01XI3,Equity Scheme - Large Cap Fund,118632,Nippon Large Cap,Open Ended Schemes,04-11-2016,25.71920
Nippon Large Cap,118632,Nippon India Mutual Fund,,INF204K01XI3,Equity Scheme - Large Cap Fund,118632,Nippon Large Cap,Open Ended Schemes,03-11-2016,25.81650
Nippon Large Cap,118632,Nippon India Mutual Fund,,INF204K01XI3,Equity Scheme - Large Cap Fund,118632,Nippon Large Cap,Open Ended Schemes,02-11-2016,25.98660
Nippon Large Cap,118632,Nippon India Mutual Fund,,INF204K01XI3,Equity Scheme - Large Cap Fund,118632,Nippon Large Cap,Open Ended Schemes,01-11-2016,26.45560
Nippon Large Cap,118632,Nippon India Mutual Fund,,INF204K01XI3,Equity Scheme - Large Cap Fund,118632,Nippon Large Cap,Open Ended Schemes,28-10-2016,26.53270
Nippon Large Cap,118632,Nippon India Mutual Fund,,INF204K01XI3,Equity Scheme - Large Cap Fund,118632,Nippon Large Cap,Open Ended Schemes,27-10-2016,26.40650
Nippon Large Cap,118632,Nippon India Mutual Fund,,INF204K01XI3,Equity Scheme - Large Cap Fund,118632,Nippon Large Cap,Open Ended Schemes,26-10-2016,26.54220
Nippon Large Cap,118632,Nippon India Mutual Fund,,INF204K01XI3,Equity Scheme - Large Cap Fund,118632,Nippon Large Cap,Open Ended Schemes,25-10-2016,26.90490
Nippon Large Cap,118632,Nippon India Mutual Fund,,INF204K01XI3,Equity Scheme - Large Cap Fund,118632,Nippon Large Cap,Open Ended Schemes,24-10-2016,26.96490
Nippon Large Cap,118632,Nippon India Mutual Fund,,INF204K01XI3,Equity Scheme - Large Cap Fund,118632,Nippon Large Cap,Open Ended Schemes,21-10-2016,26.97510
Nippon Large Cap,118632,Nippon India Mutual Fund,,INF204K01XI3,Equity Scheme - Large Cap Fund,118632,Nippon Large Cap,Open Ended Schemes,20-10-2016,26.96080
Nippon Large Cap,118632,Nippon India Mutual Fund,,INF204K01XI3,Equity Scheme - Large Cap Fund,118632,Nippon Large Cap,Open Ended Schemes,19-10-2016,26.82890
Nippon Large Cap,118632,Nippon India Mutual Fund,,INF204K01XI3,Equity Scheme - Large Cap Fund,118632,Nippon Large Cap,Open Ended Schemes,18-10-2016,26.85520
Nippon Large Cap,118632,Nippon India Mutual Fund,,INF204K01XI3,Equity Scheme - Large Cap Fund,118632,Nippon Large Cap,Open Ended Schemes,17-10-2016,26.33850
Nippon Large Cap,118632,Nippon India Mutual Fund,,INF204K01XI3,Equity Scheme - Large Cap Fund,118632,Nippon Large Cap,Open Ended Schemes,14-10-2016,26.45320
Nippon Large Cap,118632,Nippon India Mutual Fund,,INF204K01XI3,Equity Scheme - Large Cap Fund,118632,Nippon Large Cap,Open Ended Schemes,13-10-2016,26.25040
Nippon Large Cap,118632,Nippon India Mutual Fund,,INF204K01XI3,Equity Scheme - Large Cap Fund,118632,Nippon Large Cap,Open Ended Schemes,10-10-2016,26.66540
Nippon Large Cap,118632,Nippon India Mutual Fund,,INF204K01XI3,Equity Scheme - Large Cap Fund,118632,Nippon Large Cap,Open Ended Schemes,07-10-2016,26.72550
Nippon Large Cap,118632,Nippon India Mutual Fund,,INF204K01XI3,Equity Scheme - Large Cap Fund,118632,Nippon Large Cap,Open Ended Schemes,06-10-2016,26.71410
Nippon Large Cap,118632,Nippon India Mutual Fund,,INF204K01XI3,Equity Scheme - Large Cap Fund,118632,Nippon Large Cap,Open Ended Schemes,05-10-2016,26.82870
Nippon Large Cap,118632,Nippon India Mutual Fund,,INF204K01XI3,Equity Scheme - Large Cap Fund,118632,Nippon Large Cap,Open Ended Schemes,04-10-2016,26.88530
Nippon Large Cap,118632,Nippon India Mutual Fund,,INF204K01XI3,Equity Scheme - Large Cap Fund,118632,Nippon Large Cap,Open Ended Schemes,03-10-2016,26.71400
Nippon Large Cap,118632,Nippon India Mutual Fund,,INF204K01XI3,Equity Scheme - Large Cap Fund,118632,Nippon Large Cap,Open Ended Schemes,30-09-2016,26.29540
Nippon Large Cap,118632,Nippon India Mutual Fund,,INF204K01XI3,Equity Scheme - Large Cap Fund,118632,Nippon Large Cap,Open Ended Schemes,29-09-2016,25.96730
Nippon Large Cap,118632,Nippon India Mutual Fund,,INF204K01XI3,Equity Scheme - Large Cap Fund,118632,Nippon Large Cap,Open Ended Schemes,28-09-2016,26.59870
Nippon Large Cap,118632,Nippon India Mutual Fund,,INF204K01XI3,Equity Scheme - Large Cap Fund,118632,Nippon Large Cap,Open Ended Schemes,27-09-2016,26.48320
Nippon Large Cap,118632,Nippon India Mutual Fund,,INF204K01XI3,Equity Scheme - Large Cap Fund,118632,Nippon Large Cap,Open Ended Schemes,26-09-2016,26.53690
Nippon Large Cap,118632,Nippon India Mutual Fund,,INF204K01XI3,Equity Scheme - Large Cap Fund,118632,Nippon Large Cap,Open Ended Schemes,23-09-2016,26.82410
Nippon Large Cap,118632,Nippon India Mutual Fund,,INF204K01XI3,Equity Scheme - Large Cap Fund,118632,Nippon Large Cap,Open Ended Schemes,22-09-2016,26.87050
Nippon Large Cap,118632,Nippon India Mutual Fund,,INF204K01XI3,Equity Scheme - Large Cap Fund,118632,Nippon Large Cap,Open Ended Schemes,21-09-2016,26.50130
Nippon Large Cap,118632,Nippon India Mutual Fund,,INF204K01XI3,Equity Scheme - Large Cap Fund,118632,Nippon Large Cap,Open Ended Schemes,20-09-2016,26.55210
Nippon Large Cap,118632,Nippon India Mutual Fund,,INF204K01XI3,Equity Scheme - Large Cap Fund,118632,Nippon Large Cap,Open Ended Schemes,19-09-2016,26.55520
Nippon Large Cap,118632,Nippon India Mutual Fund,,INF204K01XI3,Equity Scheme - Large Cap Fund,118632,Nippon Large Cap,Open Ended Schemes,16-09-2016,26.49840
Nippon Large Cap,118632,Nippon India Mutual Fund,,INF204K01XI3,Equity Scheme - Large Cap Fund,118632,Nippon Large Cap,Open Ended Schemes,15-09-2016,26.38380
Nippon Large Cap,118632,Nippon India Mutual Fund,,INF204K01XI3,Equity Scheme - Large Cap Fund,118632,Nippon Large Cap,Open Ended Schemes,14-09-2016,26.39410
Nippon Large Cap,118632,Nippon India Mutual Fund,,INF204K01XI3,Equity Scheme - Large Cap Fund,118632,Nippon Large Cap,Open Ended Schemes,12-09-2016,26.26240
Nippon Large Cap,118632,Nippon India Mutual Fund,,INF204K01XI3,Equity Scheme - Large Cap Fund,118632,Nippon Large Cap,Open Ended Schemes,09-09-2016,26.83970
Nippon Large Cap,118632,Nippon India Mutual Fund,,INF204K01XI3,Equity Scheme - Large Cap Fund,118632,Nippon Large Cap,Open Ended Schemes,08-09-2016,27.11910
Nippon Large Cap,118632,Nippon India Mutual Fund,,INF204K01XI3,Equity Scheme - Large Cap Fund,118632,Nippon Large Cap,Open Ended Schemes,07-09-2016,27.12980
Nippon Large Cap,118632,Nippon India Mutual Fund,,INF204K01XI3,Equity Scheme - Large Cap Fund,118632,Nippon Large Cap,Open Ended Schemes,06-09-2016,26.99590
Nippon Large Cap,118632,Nippon India Mutual Fund,,INF204K01XI3,Equity Scheme - Large Cap Fund,118632,Nippon Large Cap,Open Ended Schemes,02-09-2016,26.51660
Nippon Large Cap,118632,Nippon India Mutual Fund,,INF204K01XI3,Equity Scheme - Large Cap Fund,118632,Nippon Large Cap,Open Ended Schemes,01-09-2016,26.43710
Nippon Large Cap,118632,Nippon India Mutual Fund,,INF204K01XI3,Equity Scheme - Large Cap Fund,118632,Nippon Large Cap,Open Ended Schemes,31-08-2016,26.45580
Nippon Large Cap,118632,Nippon India Mutual Fund,,INF204K01XI3,Equity Scheme - Large Cap Fund,118632,Nippon Large Cap,Open Ended Schemes,30-08-2016,26.31240
Nippon Large Cap,118632,Nippon India Mutual Fund,,INF204K01XI3,Equity Scheme - Large Cap Fund,118632,Nippon Large Cap,Open Ended Schemes,29-08-2016,25.95820
Nippon Large Cap,118632,Nippon India Mutual Fund,,INF204K01XI3,Equity Scheme - Large Cap Fund,118632,Nippon Large Cap,Open Ended Schemes,26-08-2016,25.85720
Nippon Large Cap,118632,Nippon India Mutual Fund,,INF204K01XI3,Equity Scheme - Large Cap Fund,118632,Nippon Large Cap,Open Ended Schemes,25-08-2016,25.91460
Nippon Large Cap,118632,Nippon India Mutual Fund,,INF204K01XI3,Equity Scheme - Large Cap Fund,118632,Nippon Large Cap,Open Ended Schemes,24-08-2016,25.98410
Nippon Large Cap,118632,Nippon India Mutual Fund,,INF204K01XI3,Equity Scheme - Large Cap Fund,118632,Nippon Large Cap,Open Ended Schemes,23-08-2016,25.84320
Nippon Large Cap,118632,Nippon India Mutual Fund,,INF204K01XI3,Equity Scheme - Large Cap Fund,118632,Nippon Large Cap,Open Ended Schemes,22-08-2016,25.84280
Nippon Large Cap,118632,Nippon India Mutual Fund,,INF204K01XI3,Equity Scheme - Large Cap Fund,118632,Nippon Large Cap,Open Ended Schemes,19-08-2016,25.98540
Nippon Large Cap,118632,Nippon India Mutual Fund,,INF204K01XI3,Equity Scheme - Large Cap Fund,118632,Nippon Large Cap,Open Ended Schemes,18-08-2016,25.82910
Nippon Large Cap,118632,Nippon India Mutual Fund,,INF204K01XI3,Equity Scheme - Large Cap Fund,118632,Nippon Large Cap,Open Ended Schemes,17-08-2016,25.73670
Nippon Large Cap,118632,Nippon India Mutual Fund,,INF204K01XI3,Equity Scheme - Large Cap Fund,118632,Nippon Large Cap,Open Ended Schemes,16-08-2016,25.65030
Nippon Large Cap,118632,Nippon India Mutual Fund,,INF204K01XI3,Equity Scheme - Large Cap Fund,118632,Nippon Large Cap,Open Ended Schemes,12-08-2016,25.54400
Nippon Large Cap,118632,Nippon India Mutual Fund,,INF204K01XI3,Equity Scheme - Large Cap Fund,118632,Nippon Large Cap,Open Ended Schemes,11-08-2016,25.25490
Nippon Large Cap,118632,Nippon India Mutual Fund,,INF204K01XI3,Equity Scheme - Large Cap Fund,118632,Nippon Large Cap,Open Ended Schemes,10-08-2016,25.23490
Nippon Large Cap,118632,Nippon India Mutual Fund,,INF204K01XI3,Equity Scheme - Large Cap Fund,118632,Nippon Large Cap,Open Ended Schemes,09-08-2016,25.61570
Nippon Large Cap,118632,Nippon India Mutual Fund,,INF204K01XI3,Equity Scheme - Large Cap Fund,118632,Nippon Large Cap,Open Ended Schemes,08-08-2016,25.70130
Nippon Large Cap,118632,Nippon India Mutual Fund,,INF204K01XI3,Equity Scheme - Large Cap Fund,118632,Nippon Large Cap,Open Ended Schemes,05-08-2016,25.66110
Nippon Large Cap,118632,Nippon India Mutual Fund,,INF204K01XI3,Equity Scheme - Large Cap Fund,118632,Nippon Large Cap,Open Ended Schemes,04-08-2016,25.15970
Nippon Large Cap,118632,Nippon India Mutual Fund,,INF204K01XI3,Equity Scheme - Large Cap Fund,118632,Nippon Large Cap,Open Ended Schemes,03-08-2016,25.17460
Nippon Large Cap,118632,Nippon India Mutual Fund,,INF204K01XI3,Equity Scheme - Large Cap Fund,118632,Nippon Large Cap,Open Ended Schemes,02-08-2016,25.41050
Nippon Large Cap,118632,Nippon India Mutual Fund,,INF204K01XI3,Equity Scheme - Large Cap Fund,118632,Nippon Large Cap,Open Ended Schemes,01-08-2016,25.44830
Nippon Large Cap,118632,Nippon India Mutual Fund,,INF204K01XI3,Equity Scheme - Large Cap Fund,118632,Nippon Large Cap,Open Ended Schemes,29-07-2016,25.58130
Nippon Large Cap,118632,Nippon India Mutual Fund,,INF204K01XI3,Equity Scheme - Large Cap Fund,118632,Nippon Large Cap,Open Ended Schemes,28-07-2016,25.72230
Nippon Large Cap,118632,Nippon India Mutual Fund,,INF204K01XI3,Equity Scheme - Large Cap Fund,118632,Nippon Large Cap,Open Ended Schemes,27-07-2016,25.58840
Nippon Large Cap,118632,Nippon India Mutual Fund,,INF204K01XI3,Equity Scheme - Large Cap Fund,118632,Nippon Large Cap,Open Ended Schemes,26-07-2016,25.41650
Nippon Large Cap,118632,Nippon India Mutual Fund,,INF204K01XI3,Equity Scheme - Large Cap Fund,118632,Nippon Large Cap,Open Ended Schemes,25-07-2016,25.53990
Nippon Large Cap,118632,Nippon India Mutual Fund,,INF204K01XI3,Equity Scheme - Large Cap Fund,118632,Nippon Large Cap,Open Ended Schemes,22-07-2016,25.22900
Nippon Large Cap,118632,Nippon India Mutual Fund,,INF204K01XI3,Equity Scheme - Large Cap Fund,118632,Nippon Large Cap,Open Ended Schemes,21-07-2016,25.10930
Nippon Large Cap,118632,Nippon India Mutual Fund,,INF204K01XI3,Equity Scheme - Large Cap Fund,118632,Nippon Large Cap,Open Ended Schemes,20-07-2016,25.34080
Nippon Large Cap,118632,Nippon India Mutual Fund,,INF204K01XI3,Equity Scheme - Large Cap Fund,118632,Nippon Large Cap,Open Ended Schemes,19-07-2016,25.11370
Nippon Large Cap,118632,Nippon India Mutual Fund,,INF204K01XI3,Equity Scheme - Large Cap Fund,118632,Nippon Large Cap,Open Ended Schemes,18-07-2016,25.00250
Nippon Large Cap,118632,Nippon India Mutual Fund,,INF204K01XI3,Equity Scheme - Large Cap Fund,118632,Nippon Large Cap,Open Ended Schemes,15-07-2016,25.08880
Nippon Large Cap,118632,Nippon India Mutual Fund,,INF204K01XI3,Equity Scheme - Large Cap Fund,118632,Nippon Large Cap,Open Ended Schemes,14-07-2016,25.12440
Nippon Large Cap,118632,Nippon India Mutual Fund,,INF204K01XI3,Equity Scheme - Large Cap Fund,118632,Nippon Large Cap,Open Ended Schemes,13-07-2016,24.94250
Nippon Large Cap,118632,Nippon India Mutual Fund,,INF204K01XI3,Equity Scheme - Large Cap Fund,118632,Nippon Large Cap,Open Ended Schemes,12-07-2016,24.99030
Nippon Large Cap,118632,Nippon India Mutual Fund,,INF204K01XI3,Equity Scheme - Large Cap Fund,118632,Nippon Large Cap,Open Ended Schemes,11-07-2016,24.77140
Nippon Large Cap,118632,Nippon India Mutual Fund,,INF204K01XI3,Equity Scheme - Large Cap Fund,118632,Nippon Large Cap,Open Ended Schemes,08-07-2016,24.42770
Nippon Large Cap,118632,Nippon India Mutual Fund,,INF204K01XI3,Equity Scheme - Large Cap Fund,118632,Nippon Large Cap,Open Ended Schemes,07-07-2016,24.50860
Nippon Large Cap,118632,Nippon India Mutual Fund,,INF204K01XI3,Equity Scheme - Large Cap Fund,118632,Nippon Large Cap,Open Ended Schemes,05-07-2016,24.64530
Nippon Large Cap,118632,Nippon India Mutual Fund,,INF204K01XI3,Equity Scheme - Large Cap Fund,118632,Nippon Large Cap,Open Ended Schemes,04-07-2016,24.76250
Nippon Large Cap,118632,Nippon India Mutual Fund,,INF204K01XI3,Equity Scheme - Large Cap Fund,118632,Nippon Large Cap,Open Ended Schemes,01-07-2016,24.55170
Nippon Large Cap,118632,Nippon India Mutual Fund,,INF204K01XI3,Equity Scheme - Large Cap Fund,118632,Nippon Large Cap,Open Ended Schemes,30-06-2016,24.22620
Nippon Large Cap,118632,Nippon India Mutual Fund,,INF204K01XI3,Equity Scheme - Large Cap Fund,118632,Nippon Large Cap,Open Ended Schemes,29-06-2016,23.98570
Nippon Large Cap,118632,Nippon India Mutual Fund,,INF204K01XI3,Equity Scheme - Large Cap Fund,118632,Nippon Large Cap,Open Ended Schemes,28-06-2016,23.71300
Nippon Large Cap,118632,Nippon India Mutual Fund,,INF204K01XI3,Equity Scheme - Large Cap Fund,118632,Nippon Large Cap,Open Ended Schemes,27-06-2016,23.69540
Nippon Large Cap,118632,Nippon India Mutual Fund,,INF204K01XI3,Equity Scheme - Large Cap Fund,118632,Nippon Large Cap,Open Ended Schemes,24-06-2016,23.59030
Nippon Large Cap,118632,Nippon India Mutual Fund,,INF204K01XI3,Equity Scheme - Large Cap Fund,118632,Nippon Large Cap,Open Ended Schemes,23-06-2016,24.13950
Nippon Large Cap,118632,Nippon India Mutual Fund,,INF204K01XI3,Equity Scheme - Large Cap Fund,118632,Nippon Large Cap,Open Ended Schemes,22-06-2016,23.95130
Nippon Large Cap,118632,Nippon India Mutual Fund,,INF204K01XI3,Equity Scheme - Large Cap Fund,118632,Nippon Large Cap,Open Ended Schemes,21-06-2016,24.01850
Nippon Large Cap,118632,Nippon India Mutual Fund,,INF204K01XI3,Equity Scheme - Large Cap Fund,118632,Nippon Large Cap,Open Ended Schemes,20-06-2016,24.08740
Nippon Large Cap,118632,Nippon India Mutual Fund,,INF204K01XI3,Equity Scheme - Large Cap Fund,118632,Nippon Large Cap,Open Ended Schemes,17-06-2016,23.94140
Nippon Large Cap,118632,Nippon India Mutual Fund,,INF204K01XI3,Equity Scheme - Large Cap Fund,118632,Nippon Large Cap,Open Ended Schemes,16-06-2016,23.86710
Nippon Large Cap,118632,Nippon India Mutual Fund,,INF204K01XI3,Equity Scheme - Large Cap Fund,118632,Nippon Large Cap,Open Ended Schemes,15-06-2016,23.97780
Nippon Large Cap,118632,Nippon India Mutual Fund,,INF204K01XI3,Equity Scheme - Large Cap Fund,118632,Nippon Large Cap,Open Ended Schemes,14-06-2016,23.67650
Nippon Large Cap,118632,Nippon India Mutual Fund,,INF204K01XI3,Equity Scheme - Large Cap Fund,118632,Nippon Large Cap,Open Ended Schemes,13-06-2016,23.60630
Nippon Large Cap,118632,Nippon India Mutual Fund,,INF204K01XI3,Equity Scheme - Large Cap Fund,118632,Nippon Large Cap,Open Ended Schemes,10-06-2016,23.78180
Nippon Large Cap,118632,Nippon India Mutual Fund,,INF204K01XI3,Equity Scheme - Large Cap Fund,118632,Nippon Large Cap,Open Ended Schemes,09-06-2016,23.91390
Nippon Large Cap,118632,Nippon India Mutual Fund,,INF204K01XI3,Equity Scheme - Large Cap Fund,118632,Nippon Large Cap,Open Ended Schemes,08-06-2016,24.03180
Nippon Large Cap,118632,Nippon India Mutual Fund,,INF204K01XI3,Equity Scheme - Large Cap Fund,118632,Nippon Large Cap,Open Ended Schemes,07-06-2016,23.89000
Nippon Large Cap,118632,Nippon India Mutual Fund,,INF204K01XI3,Equity Scheme - Large Cap Fund,118632,Nippon Large Cap,Open Ended Schemes,06-06-2016,23.63390
Nippon Large Cap,118632,Nippon India Mutual Fund,,INF204K01XI3,Equity Scheme - Large Cap Fund,118632,Nippon Large Cap,Open Ended Schemes,03-06-2016,23.57550
Nippon Large Cap,118632,Nippon India Mutual Fund,,INF204K01XI3,Equity Scheme - Large Cap Fund,118632,Nippon Large Cap,Open Ended Schemes,02-06-2016,23.62770
Nippon Large Cap,118632,Nippon India Mutual Fund,,INF204K01XI3,Equity Scheme - Large Cap Fund,118632,Nippon Large Cap,Open Ended Schemes,01-06-2016,23.49350
Nippon Large Cap,118632,Nippon India Mutual Fund,,INF204K01XI3,Equity Scheme - Large Cap Fund,118632,Nippon Large Cap,Open Ended Schemes,31-05-2016,23.52940
Nippon Large Cap,118632,Nippon India Mutual Fund,,INF204K01XI3,Equity Scheme - Large Cap Fund,118632,Nippon Large Cap,Open Ended Schemes,30-05-2016,23.45290
Nippon Large Cap,118632,Nippon India Mutual Fund,,INF204K01XI3,Equity Scheme - Large Cap Fund,118632,Nippon Large Cap,Open Ended Schemes,27-05-2016,23.41300
Nippon Large Cap,118632,Nippon India Mutual Fund,,INF204K01XI3,Equity Scheme - Large Cap Fund,118632,Nippon Large Cap,Open Ended Schemes,26-05-2016,23.20840
Nippon Large Cap,118632,Nippon India Mutual Fund,,INF204K01XI3,Equity Scheme - Large Cap Fund,118632,Nippon Large Cap,Open Ended Schemes,25-05-2016,22.76600
Nippon Large Cap,118632,Nippon India Mutual Fund,,INF204K01XI3,Equity Scheme - Large Cap Fund,118632,Nippon Large Cap,Open Ended Schemes,24-05-2016,22.24770
Nippon Large Cap,118632,Nippon India Mutual Fund,,INF204K01XI3,Equity Scheme - Large Cap Fund,118632,Nippon Large Cap,Open Ended Schemes,23-05-2016,22.26970
Nippon Large Cap,118632,Nippon India Mutual Fund,,INF204K01XI3,Equity Scheme - Large Cap Fund,118632,Nippon Large Cap,Open Ended Schemes,20-05-2016,22.33260
Nippon Large Cap,118632,Nippon India Mutual Fund,,INF204K01XI3,Equity Scheme - Large Cap Fund,118632,Nippon Large Cap,Open Ended Schemes,19-05-2016,22.44180
Nippon Large Cap,118632,Nippon India Mutual Fund,,INF204K01XI3,Equity Scheme - Large Cap Fund,118632,Nippon Large Cap,Open Ended Schemes,18-05-2016,22.74960
Nippon Large Cap,118632,Nippon India Mutual Fund,,INF204K01XI3,Equity Scheme - Large Cap Fund,118632,Nippon Large Cap,Open Ended Schemes,17-05-2016,22.83490
Nippon Large Cap,118632,Nippon India Mutual Fund,,INF204K01XI3,Equity Scheme - Large Cap Fund,118632,Nippon Large Cap,Open Ended Schemes,16-05-2016,22.68670
Nippon Large Cap,118632,Nippon India Mutual Fund,,INF204K01XI3,Equity Scheme - Large Cap Fund,118632,Nippon Large Cap,Open Ended Schemes,13-05-2016,22.72270
Nippon Large Cap,118632,Nippon India Mutual Fund,,INF204K01XI3,Equity Scheme - Large Cap Fund,118632,Nippon Large Cap,Open Ended Schemes,12-05-2016,22.88370
Nippon Large Cap,118632,Nippon India Mutual Fund,,INF204K01XI3,Equity Scheme - Large Cap Fund,118632,Nippon Large Cap,Open Ended Schemes,11-05-2016,22.72570
Nippon Large Cap,118632,Nippon India Mutual Fund,,INF204K01XI3,Equity Scheme - Large Cap Fund,118632,Nippon Large Cap,Open Ended Schemes,10-05-2016,22.80870
Nippon Large Cap,118632,Nippon India Mutual Fund,,INF204K01XI3,Equity Scheme - Large Cap Fund,118632,Nippon Large Cap,Open Ended Schemes,09-05-2016,22.75700
Nippon Large Cap,118632,Nippon India Mutual Fund,,INF204K01XI3,Equity Scheme - Large Cap Fund,118632,Nippon Large Cap,Open Ended Schemes,06-05-2016,22.39960
Nippon Large Cap,118632,Nippon India Mutual Fund,,INF204K01XI3,Equity Scheme - Large Cap Fund,118632,Nippon Large Cap,Open Ended Schemes,05-05-2016,22.34760
Nippon Large Cap,118632,Nippon India Mutual Fund,,INF204K01XI3,Equity Scheme - Large Cap Fund,118632,Nippon Large Cap,Open Ended Schemes,04-05-2016,22.21640
Nippon Large Cap,118632,Nippon India Mutual Fund,,INF204K01XI3,Equity Scheme - Large Cap Fund,118632,Nippon Large Cap,Open Ended Schemes,03-05-2016,22.45770
Nippon Large Cap,118632,Nippon India Mutual Fund,,INF204K01XI3,Equity Scheme - Large Cap Fund,118632,Nippon Large Cap,Open Ended Schemes,02-05-2016,22.66770
Nippon Large Cap,118632,Nippon India Mutual Fund,,INF204K01XI3,Equity Scheme - Large Cap Fund,118632,Nippon Large Cap,Open Ended Schemes,29-04-2016,22.76310
Nippon Large Cap,118632,Nippon India Mutual Fund,,INF204K01XI3,Equity Scheme - Large Cap Fund,118632,Nippon Large Cap,Open Ended Schemes,28-04-2016,22.80540
Nippon Large Cap,118632,Nippon India Mutual Fund,,INF204K01XI3,Equity Scheme - Large Cap Fund,118632,Nippon Large Cap,Open Ended Schemes,27-04-2016,23.21490
Nippon Large Cap,118632,Nippon India Mutual Fund,,INF204K01XI3,Equity Scheme - Large Cap Fund,118632,Nippon Large Cap,Open Ended Schemes,26-04-2016,23.34730
Nippon Large Cap,118632,Nippon India Mutual Fund,,INF204K01XI3,Equity Scheme - Large Cap Fund,118632,Nippon Large Cap,Open Ended Schemes,25-04-2016,23.10210
Nippon Large Cap,118632,Nippon India Mutual Fund,,INF204K01XI3,Equity Scheme - Large Cap Fund,118632,Nippon Large Cap,Open Ended Schemes,22-04-2016,23.28990
Nippon Large Cap,118632,Nippon India Mutual Fund,,INF204K01XI3,Equity Scheme - Large Cap Fund,118632,Nippon Large Cap,Open Ended Schemes,21-04-2016,23.22320
Nippon Large Cap,118632,Nippon India Mutual Fund,,INF204K01XI3,Equity Scheme - Large Cap Fund,118632,Nippon Large Cap,Open Ended Schemes,20-04-2016,23.13500
Nippon Large Cap,118632,Nippon India Mutual Fund,,INF204K01XI3,Equity Scheme - Large Cap Fund,118632,Nippon Large Cap,Open Ended Schemes,18-04-2016,23.13220
Nippon Large Cap,118632,Nippon India Mutual Fund,,INF204K01XI3,Equity Scheme - Large Cap Fund,118632,Nippon Large Cap,Open Ended Schemes,13-04-2016,22.99620
Nippon Large Cap,118632,Nippon India Mutual Fund,,INF204K01XI3,Equity Scheme - Large Cap Fund,118632,Nippon Large Cap,Open Ended Schemes,12-04-2016,22.61590
Nippon Large Cap,118632,Nippon India Mutual Fund,,INF204K01XI3,Equity Scheme - Large Cap Fund,118632,Nippon Large Cap,Open Ended Schemes,11-04-2016,22.43420
Nippon Large Cap,118632,Nippon India Mutual Fund,,INF204K01XI3,Equity Scheme - Large Cap Fund,118632,Nippon Large Cap,Open Ended Schemes,08-04-2016,22.15610
Nippon Large Cap,118632,Nippon India Mutual Fund,,INF204K01XI3,Equity Scheme - Large Cap Fund,118632,Nippon Large Cap,Open Ended Schemes,07-04-2016,22.09580
Nippon Large Cap,118632,Nippon India Mutual Fund,,INF204K01XI3,Equity Scheme - Large Cap Fund,118632,Nippon Large Cap,Open Ended Schemes,06-04-2016,22.27470
Nippon Large Cap,118632,Nippon India Mutual Fund,,INF204K01XI3,Equity Scheme - Large Cap Fund,118632,Nippon Large Cap,Open Ended Schemes,05-04-2016,22.28470
Nippon Large Cap,118632,Nippon India Mutual Fund,,INF204K01XI3,Equity Scheme - Large Cap Fund,118632,Nippon Large Cap,Open Ended Schemes,04-04-2016,22.83880
Nippon Large Cap,118632,Nippon India Mutual Fund,,INF204K01XI3,Equity Scheme - Large Cap Fund,118632,Nippon Large Cap,Open Ended Schemes,01-04-2016,22.77490
Nippon Large Cap,118632,Nippon India Mutual Fund,,INF204K01XI3,Equity Scheme - Large Cap Fund,118632,Nippon Large Cap,Open Ended Schemes,31-03-2016,22.73050
Nippon Large Cap,118632,Nippon India Mutual Fund,,INF204K01XI3,Equity Scheme - Large Cap Fund,118632,Nippon Large Cap,Open Ended Schemes,30-03-2016,22.74690
Nippon Large Cap,118632,Nippon India Mutual Fund,,INF204K01XI3,Equity Scheme - Large Cap Fund,118632,Nippon Large Cap,Open Ended Schemes,29-03-2016,22.28310
Nippon Large Cap,118632,Nippon India Mutual Fund,,INF204K01XI3,Equity Scheme - Large Cap Fund,118632,Nippon Large Cap,Open Ended Schemes,28-03-2016,22.26100
Nippon Large Cap,118632,Nippon India Mutual Fund,,INF204K01XI3,Equity Scheme - Large Cap Fund,118632,Nippon Large Cap,Open Ended Schemes,23-03-2016,22.59520
Nippon Large Cap,118632,Nippon India Mutual Fund,,INF204K01XI3,Equity Scheme - Large Cap Fund,118632,Nippon Large Cap,Open Ended Schemes,22-03-2016,22.62100
Nippon Large Cap,118632,Nippon India Mutual Fund,,INF204K01XI3,Equity Scheme - Large Cap Fund,118632,Nippon Large Cap,Open Ended Schemes,21-03-2016,22.51460
Nippon Large Cap,118632,Nippon India Mutual Fund,,INF204K01XI3,Equity Scheme - Large Cap Fund,118632,Nippon Large Cap,Open Ended Schemes,18-03-2016,22.15650
Nippon Large Cap,118632,Nippon India Mutual Fund,,INF204K01XI3,Equity Scheme - Large Cap Fund,118632,Nippon Large Cap,Open Ended Schemes,17-03-2016,21.88640
Nippon Large Cap,118632,Nippon India Mutual Fund,,INF204K01XI3,Equity Scheme - Large Cap Fund,118632,Nippon Large Cap,Open Ended Schemes,16-03-2016,21.77420
Nippon Large Cap,118632,Nippon India Mutual Fund,,INF204K01XI3,Equity Scheme - Large Cap Fund,118632,Nippon Large Cap,Open Ended Schemes,15-03-2016,21.66290
Nippon Large Cap,118632,Nippon India Mutual Fund,,INF204K01XI3,Equity Scheme - Large Cap Fund,118632,Nippon Large Cap,Open Ended Schemes,14-03-2016,21.79340
Nippon Large Cap,118632,Nippon India Mutual Fund,,INF204K01XI3,Equity Scheme - Large Cap Fund,118632,Nippon Large Cap,Open Ended Schemes,11-03-2016,21.67990
Nippon Large Cap,118632,Nippon India Mutual Fund,,INF204K01XI3,Equity Scheme - Large Cap Fund,118632,Nippon Large Cap,Open Ended Schemes,10-03-2016,21.61540
Nippon Large Cap,118632,Nippon India Mutual Fund,,INF204K01XI3,Equity Scheme - Large Cap Fund,118632,Nippon Large Cap,Open Ended Schemes,09-03-2016,21.83840
Nippon Large Cap,118632,Nippon India Mutual Fund,,INF204K01XI3,Equity Scheme - Large Cap Fund,118632,Nippon Large Cap,Open Ended Schemes,08-03-2016,21.74270
Nippon Large Cap,118632,Nippon India Mutual Fund,,INF204K01XI3,Equity Scheme - Large Cap Fund,118632,Nippon Large Cap,Open Ended Schemes,04-03-2016,21.82070
Nippon Large Cap,118632,Nippon India Mutual Fund,,INF204K01XI3,Equity Scheme - Large Cap Fund,118632,Nippon Large Cap,Open Ended Schemes,03-03-2016,21.82930
Nippon Large Cap,118632,Nippon India Mutual Fund,,INF204K01XI3,Equity Scheme - Large Cap Fund,118632,Nippon Large Cap,Open Ended Schemes,02-03-2016,21.48770
Nippon Large Cap,118632,Nippon India Mutual Fund,,INF204K01XI3,Equity Scheme - Large Cap Fund,118632,Nippon Large Cap,Open Ended Schemes,01-03-2016,20.98820
Nippon Large Cap,118632,Nippon India Mutual Fund,,INF204K01XI3,Equity Scheme - Large Cap Fund,118632,Nippon Large Cap,Open Ended Schemes,29-02-2016,20.32160
Nippon Large Cap,118632,Nippon India Mutual Fund,,INF204K01XI3,Equity Scheme - Large Cap Fund,118632,Nippon Large Cap,Open Ended Schemes,26-02-2016,20.38220
Nippon Large Cap,118632,Nippon India Mutual Fund,,INF204K01XI3,Equity Scheme - Large Cap Fund,118632,Nippon Large Cap,Open Ended Schemes,25-02-2016,20.20730
Nippon Large Cap,118632,Nippon India Mutual Fund,,INF204K01XI3,Equity Scheme - Large Cap Fund,118632,Nippon Large Cap,Open Ended Schemes,24-02-2016,20.48710
Nippon Large Cap,118632,Nippon India Mutual Fund,,INF204K01XI3,Equity Scheme - Large Cap Fund,118632,Nippon Large Cap,Open Ended Schemes,23-02-2016,20.70660
Nippon Large Cap,118632,Nippon India Mutual Fund,,INF204K01XI3,Equity Scheme - Large Cap Fund,118632,Nippon Large Cap,Open Ended Schemes,22-02-2016,21.05770
Nippon Large Cap,118632,Nippon India Mutual Fund,,INF204K01XI3,Equity Scheme - Large Cap Fund,118632,Nippon Large Cap,Open Ended Schemes,19-02-2016,20.95720
Nippon Large Cap,118632,Nippon India Mutual Fund,,INF204K01XI3,Equity Scheme - Large Cap Fund,118632,Nippon Large Cap,Open Ended Schemes,18-02-2016,20.89840
Nippon Large Cap,118632,Nippon India Mutual Fund,,INF204K01XI3,Equity Scheme - Large Cap Fund,118632,Nippon Large Cap,Open Ended Schemes,17-02-2016,20.73770
Nippon Large Cap,118632,Nippon India Mutual Fund,,INF204K01XI3,Equity Scheme - Large Cap Fund,118632,Nippon Large Cap,Open Ended Schemes,16-02-2016,20.62540
Nippon Large Cap,118632,Nippon India Mutual Fund,,INF204K01XI3,Equity Scheme - Large Cap Fund,118632,Nippon Large Cap,Open Ended Schemes,15-02-2016,21.16260
Nippon Large Cap,118632,Nippon India Mutual Fund,,INF204K01XI3,Equity Scheme - Large Cap Fund,118632,Nippon Large Cap,Open Ended Schemes,12-02-2016,20.33500
Nippon Large Cap,118632,Nippon India Mutual Fund,,INF204K01XI3,Equity Scheme - Large Cap Fund,118632,Nippon Large Cap,Open Ended Schemes,11-02-2016,20.56060
Nippon Large Cap,118632,Nippon India Mutual Fund,,INF204K01XI3,Equity Scheme - Large Cap Fund,118632,Nippon Large Cap,Open Ended Schemes,10-02-2016,21.23450
Nippon Large Cap,118632,Nippon India Mutual Fund,,INF204K01XI3,Equity Scheme - Large Cap Fund,118632,Nippon Large Cap,Open Ended Schemes,09-02-2016,21.51100
Nippon Large Cap,118632,Nippon India Mutual Fund,,INF204K01XI3,Equity Scheme - Large Cap Fund,118632,Nippon Large Cap,Open Ended Schemes,08-02-2016,21.93100
Nippon Large Cap,118632,Nippon India Mutual Fund,,INF204K01XI3,Equity Scheme - Large Cap Fund,118632,Nippon Large Cap,Open Ended Schemes,05-02-2016,22.12930
Nippon Large Cap,118632,Nippon India Mutual Fund,,INF204K01XI3,Equity Scheme - Large Cap Fund,118632,Nippon Large Cap,Open Ended Schemes,04-02-2016,21.82020
Nippon Large Cap,118632,Nippon India Mutual Fund,,INF204K01XI3,Equity Scheme - Large Cap Fund,118632,Nippon Large Cap,Open Ended Schemes,03-02-2016,21.69810
Nippon Large Cap,118632,Nippon India Mutual Fund,,INF204K01XI3,Equity Scheme - Large Cap Fund,118632,Nippon Large Cap,Open Ended Schemes,02-02-2016,21.99130
Nippon Large Cap,118632,Nippon India Mutual Fund,,INF204K01XI3,Equity Scheme - Large Cap Fund,118632,Nippon Large Cap,Open Ended Schemes,01-02-2016,22.31990
Nippon Large Cap,118632,Nippon India Mutual Fund,,INF204K01XI3,Equity Scheme - Large Cap Fund,118632,Nippon Large Cap,Open Ended Schemes,29-01-2016,22.36230
Nippon Large Cap,118632,Nippon India Mutual Fund,,INF204K01XI3,Equity Scheme - Large Cap Fund,118632,Nippon Large Cap,Open Ended Schemes,28-01-2016,22.12070
Nippon Large Cap,118632,Nippon India Mutual Fund,,INF204K01XI3,Equity Scheme - Large Cap Fund,118632,Nippon Large Cap,Open Ended Schemes,27-01-2016,22.21570
Nippon Large Cap,118632,Nippon India Mutual Fund,,INF204K01XI3,Equity Scheme - Large Cap Fund,118632,Nippon Large Cap,Open Ended Schemes,25-01-2016,22.18720
Nippon Large Cap,118632,Nippon India Mutual Fund,,INF204K01XI3,Equity Scheme - Large Cap Fund,118632,Nippon Large Cap,Open Ended Schemes,22-01-2016,22.18030
Nippon Large Cap,118632,Nippon India Mutual Fund,,INF204K01XI3,Equity Scheme - Large Cap Fund,118632,Nippon Large Cap,Open Ended Schemes,21-01-2016,21.69860
Nippon Large Cap,118632,Nippon India Mutual Fund,,INF204K01XI3,Equity Scheme - Large Cap Fund,118632,Nippon Large Cap,Open Ended Schemes,20-01-2016,21.79050
Nippon Large Cap,118632,Nippon India Mutual Fund,,INF204K01XI3,Equity Scheme - Large Cap Fund,118632,Nippon Large Cap,Open Ended Schemes,19-01-2016,22.19890
Nippon Large Cap,118632,Nippon India Mutual Fund,,INF204K01XI3,Equity Scheme - Large Cap Fund,118632,Nippon Large Cap,Open Ended Schemes,18-01-2016,21.85770
Nippon Large Cap,118632,Nippon India Mutual Fund,,INF204K01XI3,Equity Scheme - Large Cap Fund,118632,Nippon Large Cap,Open Ended Schemes,15-01-2016,22.25220
Nippon Large Cap,118632,Nippon India Mutual Fund,,INF204K01XI3,Equity Scheme - Large Cap Fund,118632,Nippon Large Cap,Open Ended Schemes,14-01-2016,22.73510
Nippon Large Cap,118632,Nippon India Mutual Fund,,INF204K01XI3,Equity Scheme - Large Cap Fund,118632,Nippon Large Cap,Open Ended Schemes,13-01-2016,22.97220
Nippon Large Cap,118632,Nippon India Mutual Fund,,INF204K01XI3,Equity Scheme - Large Cap Fund,118632,Nippon Large Cap,Open Ended Schemes,12-01-2016,22.84660
Nippon Large Cap,118632,Nippon India Mutual Fund,,INF204K01XI3,Equity Scheme - Large Cap Fund,118632,Nippon Large Cap,Open Ended Schemes,11-01-2016,23.01700
Nippon Large Cap,118632,Nippon India Mutual Fund,,INF204K01XI3,Equity Scheme - Large Cap Fund,118632,Nippon Large Cap,Open Ended Schemes,08-01-2016,23.12950
Nippon Large Cap,118632,Nippon India Mutual Fund,,INF204K01XI3,Equity Scheme - Large Cap Fund,118632,Nippon Large Cap,Open Ended Schemes,07-01-2016,23.02400
Nippon Large Cap,118632,Nippon India Mutual Fund,,INF204K01XI3,Equity Scheme - Large Cap Fund,118632,Nippon Large Cap,Open Ended Schemes,06-01-2016,23.60760
Nippon Large Cap,118632,Nippon India Mutual Fund,,INF204K01XI3,Equity Scheme - Large Cap Fund,118632,Nippon Large Cap,Open Ended Schemes,05-01-2016,23.67250
Nippon Large Cap,118632,Nippon India Mutual Fund,,INF204K01XI3,Equity Scheme - Large Cap Fund,118632,Nippon Large Cap,Open Ended Schemes,04-01-2016,23.65820
Nippon Large Cap,118632,Nippon India Mutual Fund,,INF204K01XI3,Equity Scheme - Large Cap Fund,118632,Nippon Large Cap,Open Ended Schemes,01-01-2016,24.15920
Nippon Large Cap,118632,Nippon India Mutual Fund,,INF204K01XI3,Equity Scheme - Large Cap Fund,118632,Nippon Large Cap,Open Ended Schemes,31-12-2015,24.04690
Nippon Large Cap,118632,Nippon India Mutual Fund,,INF204K01XI3,Equity Scheme - Large Cap Fund,118632,Nippon Large Cap,Open Ended Schemes,30-12-2015,23.94690
Nippon Large Cap,118632,Nippon India Mutual Fund,,INF204K01XI3,Equity Scheme - Large Cap Fund,118632,Nippon Large Cap,Open Ended Schemes,29-12-2015,24.04640
Nippon Large Cap,118632,Nippon India Mutual Fund,,INF204K01XI3,Equity Scheme - Large Cap Fund,118632,Nippon Large Cap,Open Ended Schemes,28-12-2015,24.03760
Nippon Large Cap,118632,Nippon India Mutual Fund,,INF204K01XI3,Equity Scheme - Large Cap Fund,118632,Nippon Large Cap,Open Ended Schemes,24-12-2015,23.86640
Nippon Large Cap,118632,Nippon India Mutual Fund,,INF204K01XI3,Equity Scheme - Large Cap Fund,118632,Nippon Large Cap,Open Ended Schemes,23-12-2015,23.87320
Nippon Large Cap,118632,Nippon India Mutual Fund,,INF204K01XI3,Equity Scheme - Large Cap Fund,118632,Nippon Large Cap,Open Ended Schemes,22-12-2015,23.69140
Nippon Large Cap,118632,Nippon India Mutual Fund,,INF204K01XI3,Equity Scheme - Large Cap Fund,118632,Nippon Large Cap,Open Ended Schemes,21-12-2015,23.77420
Nippon Large Cap,118632,Nippon India Mutual Fund,,INF204K01XI3,Equity Scheme - Large Cap Fund,118632,Nippon Large Cap,Open Ended Schemes,18-12-2015,23.52990
Nippon Large Cap,118632,Nippon India Mutual Fund,,INF204K01XI3,Equity Scheme - Large Cap Fund,118632,Nippon Large Cap,Open Ended Schemes,17-12-2015,23.75840
Nippon Large Cap,118632,Nippon India Mutual Fund,,INF204K01XI3,Equity Scheme - Large Cap Fund,118632,Nippon Large Cap,Open Ended Schemes,16-12-2015,23.46690
Nippon Large Cap,118632,Nippon India Mutual Fund,,INF204K01XI3,Equity Scheme - Large Cap Fund,118632,Nippon Large Cap,Open Ended Schemes,15-12-2015,23.35060
Nippon Large Cap,118632,Nippon India Mutual Fund,,INF204K01XI3,Equity Scheme - Large Cap Fund,118632,Nippon Large Cap,Open Ended Schemes,14-12-2015,23.16110
Nippon Large Cap,118632,Nippon India Mutual Fund,,INF204K01XI3,Equity Scheme - Large Cap Fund,118632,Nippon Large Cap,Open Ended Schemes,11-12-2015,23.11490
Nippon Large Cap,118632,Nippon India Mutual Fund,,INF204K01XI3,Equity Scheme - Large Cap Fund,118632,Nippon Large Cap,Open Ended Schemes,10-12-2015,23.36110
Nippon Large Cap,118632,Nippon India Mutual Fund,,INF204K01XI3,Equity Scheme - Large Cap Fund,118632,Nippon Large Cap,Open Ended Schemes,09-12-2015,23.18080
Nippon Large Cap,118632,Nippon India Mutual Fund,,INF204K01XI3,Equity Scheme - Large Cap Fund,118632,Nippon Large Cap,Open Ended Schemes,08-12-2015,23.52170
Nippon Large Cap,118632,Nippon India Mutual Fund,,INF204K01XI3,Equity Scheme - Large Cap Fund,118632,Nippon Large Cap,Open Ended Schemes,07-12-2015,23.68280
Nippon Large Cap,118632,Nippon India Mutual Fund,,INF204K01XI3,Equity Scheme - Large Cap Fund,118632,Nippon Large Cap,Open Ended Schemes,04-12-2015,23.69390
Nippon Large Cap,118632,Nippon India Mutual Fund,,INF204K01XI3,Equity Scheme - Large Cap Fund,118632,Nippon Large Cap,Open Ended Schemes,03-12-2015,23.88260
Nippon Large Cap,118632,Nippon India Mutual Fund,,INF204K01XI3,Equity Scheme - Large Cap Fund,118632,Nippon Large Cap,Open Ended Schemes,02-12-2015,23.97630
Nippon Large Cap,118632,Nippon India Mutual Fund,,INF204K01XI3,Equity Scheme - Large Cap Fund,118632,Nippon Large Cap,Open Ended Schemes,01-12-2015,24.12870
Nippon Large Cap,118632,Nippon India Mutual Fund,,INF204K01XI3,Equity Scheme - Large Cap Fund,118632,Nippon Large Cap,Open Ended Schemes,30-11-2015,24.08530
Nippon Large Cap,118632,Nippon India Mutual Fund,,INF204K01XI3,Equity Scheme - Large Cap Fund,118632,Nippon Large Cap,Open Ended Schemes,27-11-2015,24.06450
Nippon Large Cap,118632,Nippon India Mutual Fund,,INF204K01XI3,Equity Scheme - Large Cap Fund,118632,Nippon Large Cap,Open Ended Schemes,26-11-2015,23.88730
Nippon Large Cap,118632,Nippon India Mutual Fund,,INF204K01XI3,Equity Scheme - Large Cap Fund,118632,Nippon Large Cap,Open Ended Schemes,24-11-2015,23.76930
Nippon Large Cap,118632,Nippon India Mutual Fund,,INF204K01XI3,Equity Scheme - Large Cap Fund,118632,Nippon Large Cap,Open Ended Schemes,23-11-2015,23.80620
Nippon Large Cap,118632,Nippon India Mutual Fund,,INF204K01XI3,Equity Scheme - Large Cap Fund,118632,Nippon Large Cap,Open Ended Schemes,20-11-2015,23.77390
Nippon Large Cap,118632,Nippon India Mutual Fund,,INF204K01XI3,Equity Scheme - Large Cap Fund,118632,Nippon Large Cap,Open Ended Schemes,19-11-2015,23.71520
Nippon Large Cap,118632,Nippon India Mutual Fund,,INF204K01XI3,Equity Scheme - Large Cap Fund,118632,Nippon Large Cap,Open Ended Schemes,18-11-2015,23.39930
Nippon Large Cap,118632,Nippon India Mutual Fund,,INF204K01XI3,Equity Scheme - Large Cap Fund,118632,Nippon Large Cap,Open Ended Schemes,17-11-2015,23.68690
Nippon Large Cap,118632,Nippon India Mutual Fund,,INF204K01XI3,Equity Scheme - Large Cap Fund,118632,Nippon Large Cap,Open Ended Schemes,16-11-2015,23.64640
Nippon Large Cap,118632,Nippon India Mutual Fund,,INF204K01XI3,Equity Scheme - Large Cap Fund,118632,Nippon Large Cap,Open Ended Schemes,13-11-2015,23.60230
Nippon Large Cap,118632,Nippon India Mutual Fund,,INF204K01XI3,Equity Scheme - Large Cap Fund,118632,Nippon Large Cap,Open Ended Schemes,10-11-2015,23.60480
Nippon Large Cap,118632,Nippon India Mutual Fund,,INF204K01XI3,Equity Scheme - Large Cap Fund,118632,Nippon Large Cap,Open Ended Schemes,09-11-2015,24.05690
Nippon Large Cap,118632,Nippon India Mutual Fund,,INF204K01XI3,Equity Scheme - Large Cap Fund,118632,Nippon Large Cap,Open Ended Schemes,06-11-2015,23.94080
Nippon Large Cap,118632,Nippon India Mutual Fund,,INF204K01XI3,Equity Scheme - Large Cap Fund,118632,Nippon Large Cap,Open Ended Schemes,05-11-2015,23.84870
Nippon Large Cap,118632,Nippon India Mutual Fund,,INF204K01XI3,Equity Scheme - Large Cap Fund,118632,Nippon Large Cap,Open Ended Schemes,04-11-2015,24.17440
Nippon Large Cap,118632,Nippon India Mutual Fund,,INF204K01XI3,Equity Scheme - Large Cap Fund,118632,Nippon Large Cap,Open Ended Schemes,03-11-2015,24.14000
Nippon Large Cap,118632,Nippon India Mutual Fund,,INF204K01XI3,Equity Scheme - Large Cap Fund,118632,Nippon Large Cap,Open Ended Schemes,02-11-2015,24.00930
Nippon Large Cap,118632,Nippon India Mutual Fund,,INF204K01XI3,Equity Scheme - Large Cap Fund,118632,Nippon Large Cap,Open Ended Schemes,30-10-2015,23.95880
Nippon Large Cap,118632,Nippon India Mutual Fund,,INF204K01XI3,Equity Scheme - Large Cap Fund,118632,Nippon Large Cap,Open Ended Schemes,29-10-2015,23.94920
Nippon Large Cap,118632,Nippon India Mutual Fund,,INF204K01XI3,Equity Scheme - Large Cap Fund,118632,Nippon Large Cap,Open Ended Schemes,28-10-2015,24.15530
Nippon Large Cap,118632,Nippon India Mutual Fund,,INF204K01XI3,Equity Scheme - Large Cap Fund,118632,Nippon Large Cap,Open Ended Schemes,27-10-2015,24.43530
Nippon Large Cap,118632,Nippon India Mutual Fund,,INF204K01XI3,Equity Scheme - Large Cap Fund,118632,Nippon Large Cap,Open Ended Schemes,26-10-2015,24.33380
Nippon Large Cap,118632,Nippon India Mutual Fund,,INF204K01XI3,Equity Scheme - Large Cap Fund,118632,Nippon Large Cap,Open Ended Schemes,23-10-2015,24.41850
Nippon Large Cap,118632,Nippon India Mutual Fund,,INF204K01XI3,Equity Scheme - Large Cap Fund,118632,Nippon Large Cap,Open Ended Schemes,21-10-2015,24.38040
Nippon Large Cap,118632,Nippon India Mutual Fund,,INF204K01XI3,Equity Scheme - Large Cap Fund,118632,Nippon Large Cap,Open Ended Schemes,20-10-2015,24.46470
Nippon Large Cap,118632,Nippon India Mutual Fund,,INF204K01XI3,Equity Scheme - Large Cap Fund,118632,Nippon Large Cap,Open Ended Schemes,19-10-2015,24.36980
Nippon Large Cap,118632,Nippon India Mutual Fund,,INF204K01XI3,Equity Scheme - Large Cap Fund,118632,Nippon Large Cap,Open Ended Schemes,16-10-2015,24.25710
Nippon Large Cap,118632,Nippon India Mutual Fund,,INF204K01XI3,Equity Scheme - Large Cap Fund,118632,Nippon Large Cap,Open Ended Schemes,15-10-2015,24.04330
Nippon Large Cap,118632,Nippon India Mutual Fund,,INF204K01XI3,Equity Scheme - Large Cap Fund,118632,Nippon Large Cap,Open Ended Schemes,14-10-2015,23.82000
Nippon Large Cap,118632,Nippon India Mutual Fund,,INF204K01XI3,Equity Scheme - Large Cap Fund,118632,Nippon Large Cap,Open Ended Schemes,13-10-2015,23.85870
Nippon Large Cap,118632,Nippon India Mutual Fund,,INF204K01XI3,Equity Scheme - Large Cap Fund,118632,Nippon Large Cap,Open Ended Schemes,12-10-2015,23.92240
Nippon Large Cap,118632,Nippon India Mutual Fund,,INF204K01XI3,Equity Scheme - Large Cap Fund,118632,Nippon Large Cap,Open Ended Schemes,09-10-2015,23.98080
Nippon Large Cap,118632,Nippon India Mutual Fund,,INF204K01XI3,Equity Scheme - Large Cap Fund,118632,Nippon Large Cap,Open Ended Schemes,08-10-2015,23.85780
Nippon Large Cap,118632,Nippon India Mutual Fund,,INF204K01XI3,Equity Scheme - Large Cap Fund,118632,Nippon Large Cap,Open Ended Schemes,07-10-2015,24.00020
Nippon Large Cap,118632,Nippon India Mutual Fund,,INF204K01XI3,Equity Scheme - Large Cap Fund,118632,Nippon Large Cap,Open Ended Schemes,06-10-2015,23.92050
Nippon Large Cap,118632,Nippon India Mutual Fund,,INF204K01XI3,Equity Scheme - Large Cap Fund,118632,Nippon Large Cap,Open Ended Schemes,05-10-2015,23.89720
Nippon Large Cap,118632,Nippon India Mutual Fund,,INF204K01XI3,Equity Scheme - Large Cap Fund,118632,Nippon Large Cap,Open Ended Schemes,01-10-2015,23.44920
Nippon Large Cap,118632,Nippon India Mutual Fund,,INF204K01XI3,Equity Scheme - Large Cap Fund,118632,Nippon Large Cap,Open Ended Schemes,30-09-2015,23.53710
Nippon Large Cap,118632,Nippon India Mutual Fund,,INF204K01XI3,Equity Scheme - Large Cap Fund,118632,Nippon Large Cap,Open Ended Schemes,29-09-2015,23.34340
Nippon Large Cap,118632,Nippon India Mutual Fund,,INF204K01XI3,Equity Scheme - Large Cap Fund,118632,Nippon Large Cap,Open Ended Schemes,28-09-2015,23.28930
Nippon Large Cap,118632,Nippon India Mutual Fund,,INF204K01XI3,Equity Scheme - Large Cap Fund,118632,Nippon Large Cap,Open Ended Schemes,24-09-2015,23.52820
Nippon Large Cap,118632,Nippon India Mutual Fund,,INF204K01XI3,Equity Scheme - Large Cap Fund,118632,Nippon Large Cap,Open Ended Schemes,23-09-2015,23.47820
Nippon Large Cap,118632,Nippon India Mutual Fund,,INF204K01XI3,Equity Scheme - Large Cap Fund,118632,Nippon Large Cap,Open Ended Schemes,22-09-2015,23.39280
Nippon Large Cap,118632,Nippon India Mutual Fund,,INF204K01XI3,Equity Scheme - Large Cap Fund,118632,Nippon Large Cap,Open Ended Schemes,21-09-2015,23.74170
Nippon Large Cap,118632,Nippon India Mutual Fund,,INF204K01XI3,Equity Scheme - Large Cap Fund,118632,Nippon Large Cap,Open Ended Schemes,18-09-2015,23.76310
Nippon Large Cap,118632,Nippon India Mutual Fund,,INF204K01XI3,Equity Scheme - Large Cap Fund,118632,Nippon Large Cap,Open Ended Schemes,16-09-2015,23.51210
Nippon Large Cap,118632,Nippon India Mutual Fund,,INF204K01XI3,Equity Scheme - Large Cap Fund,118632,Nippon Large Cap,Open Ended Schemes,15-09-2015,23.36850
Nippon Large Cap,118632,Nippon India Mutual Fund,,INF204K01XI3,Equity Scheme - Large Cap Fund,118632,Nippon Large Cap,Open Ended Schemes,14-09-2015,23.59680
Nippon Large Cap,118632,Nippon India Mutual Fund,,INF204K01XI3,Equity Scheme - Large Cap Fund,118632,Nippon Large Cap,Open Ended Schemes,11-09-2015,23.37220
Nippon Large Cap,118632,Nippon India Mutual Fund,,INF204K01XI3,Equity Scheme - Large Cap Fund,118632,Nippon Large Cap,Open Ended Schemes,10-09-2015,23.36130
Nippon Large Cap,118632,Nippon India Mutual Fund,,INF204K01XI3,Equity Scheme - Large Cap Fund,118632,Nippon Large Cap,Open Ended Schemes,09-09-2015,23.43130
Nippon Large Cap,118632,Nippon India Mutual Fund,,INF204K01XI3,Equity Scheme - Large Cap Fund,118632,Nippon Large Cap,Open Ended Schemes,08-09-2015,22.99280
Nippon Large Cap,118632,Nippon India Mutual Fund,,INF204K01XI3,Equity Scheme - Large Cap Fund,118632,Nippon Large Cap,Open Ended Schemes,07-09-2015,22.62280
Nippon Large Cap,118632,Nippon India Mutual Fund,,INF204K01XI3,Equity Scheme - Large Cap Fund,118632,Nippon Large Cap,Open Ended Schemes,04-09-2015,23.05440
Nippon Large Cap,118632,Nippon India Mutual Fund,,INF204K01XI3,Equity Scheme - Large Cap Fund,118632,Nippon Large Cap,Open Ended Schemes,03-09-2015,23.50010
Nippon Large Cap,118632,Nippon India Mutual Fund,,INF204K01XI3,Equity Scheme - Large Cap Fund,118632,Nippon Large Cap,Open Ended Schemes,02-09-2015,23.22520
Nippon Large Cap,118632,Nippon India Mutual Fund,,INF204K01XI3,Equity Scheme - Large Cap Fund,118632,Nippon Large Cap,Open Ended Schemes,01-09-2015,23.47530
Nippon Large Cap,118632,Nippon India Mutual Fund,,INF204K01XI3,Equity Scheme - Large Cap Fund,118632,Nippon Large Cap,Open Ended Schemes,31-08-2015,24.07810
Nippon Large Cap,118632,Nippon India Mutual Fund,,INF204K01XI3,Equity Scheme - Large Cap Fund,118632,Nippon Large Cap,Open Ended Schemes,28-08-2015,24.11990
Nippon Large Cap,118632,Nippon India Mutual Fund,,INF204K01XI3,Equity Scheme - Large Cap Fund,118632,Nippon Large Cap,Open Ended Schemes,27-08-2015,23.98780
Nippon Large Cap,118632,Nippon India Mutual Fund,,INF204K01XI3,Equity Scheme - Large Cap Fund,118632,Nippon Large Cap,Open Ended Schemes,26-08-2015,23.60630
Nippon Large Cap,118632,Nippon India Mutual Fund,,INF204K01XI3,Equity Scheme - Large Cap Fund,118632,Nippon Large Cap,Open Ended Schemes,25-08-2015,23.81350
Nippon Large Cap,118632,Nippon India Mutual Fund,,INF204K01XI3,Equity Scheme - Large Cap Fund,118632,Nippon Large Cap,Open Ended Schemes,24-08-2015,23.40700
Nippon Large Cap,118632,Nippon India Mutual Fund,,INF204K01XI3,Equity Scheme - Large Cap Fund,118632,Nippon Large Cap,Open Ended Schemes,21-08-2015,25.06560
Nippon Large Cap,118632,Nippon India Mutual Fund,,INF204K01XI3,Equity Scheme - Large Cap Fund,118632,Nippon Large Cap,Open Ended Schemes,20-08-2015,25.25000
Nippon Large Cap,118632,Nippon India Mutual Fund,,INF204K01XI3,Equity Scheme - Large Cap Fund,118632,Nippon Large Cap,Open Ended Schemes,19-08-2015,25.73710
Nippon Large Cap,118632,Nippon India Mutual Fund,,INF204K01XI3,Equity Scheme - Large Cap Fund,118632,Nippon Large Cap,Open Ended Schemes,18-08-2015,25.56220
Nippon Large Cap,118632,Nippon India Mutual Fund,,INF204K01XI3,Equity Scheme - Large Cap Fund,118632,Nippon Large Cap,Open Ended Schemes,17-08-2015,25.48570
Nippon Large Cap,118632,Nippon India Mutual Fund,,INF204K01XI3,Equity Scheme - Large Cap Fund,118632,Nippon Large Cap,Open Ended Schemes,14-08-2015,25.51710
Nippon Large Cap,118632,Nippon India Mutual Fund,,INF204K01XI3,Equity Scheme - Large Cap Fund,118632,Nippon Large Cap,Open Ended Schemes,13-08-2015,25.05860
Nippon Large Cap,118632,Nippon India Mutual Fund,,INF204K01XI3,Equity Scheme - Large Cap Fund,118632,Nippon Large Cap,Open Ended Schemes,12-08-2015,24.99410
Nippon Large Cap,118632,Nippon India Mutual Fund,,INF204K01XI3,Equity Scheme - Large Cap Fund,118632,Nippon Large Cap,Open Ended Schemes,11-08-2015,25.38920
Nippon Large Cap,118632,Nippon India Mutual Fund,,INF204K01XI3,Equity Scheme - Large Cap Fund,118632,Nippon Large Cap,Open Ended Schemes,10-08-2015,25.59960
Nippon Large Cap,118632,Nippon India Mutual Fund,,INF204K01XI3,Equity Scheme - Large Cap Fund,118632,Nippon Large Cap,Open Ended Schemes,07-08-2015,25.67530
Nippon Large Cap,118632,Nippon India Mutual Fund,,INF204K01XI3,Equity Scheme - Large Cap Fund,118632,Nippon Large Cap,Open Ended Schemes,06-08-2015,25.72850
Nippon Large Cap,118632,Nippon India Mutual Fund,,INF204K01XI3,Equity Scheme - Large Cap Fund,118632,Nippon Large Cap,Open Ended Schemes,05-08-2015,25.54980
Nippon Large Cap,118632,Nippon India Mutual Fund,,INF204K01XI3,Equity Scheme - Large Cap Fund,118632,Nippon Large Cap,Open Ended Schemes,04-08-2015,25.36280
Nippon Large Cap,118632,Nippon India Mutual Fund,,INF204K01XI3,Equity Scheme - Large Cap Fund,118632,Nippon Large Cap,Open Ended Schemes,03-08-2015,25.37430
Nippon Large Cap,118632,Nippon India Mutual Fund,,INF204K01XI3,Equity Scheme - Large Cap Fund,118632,Nippon Large Cap,Open Ended Schemes,31-07-2015,25.35810
Nippon Large Cap,118632,Nippon India Mutual Fund,,INF204K01XI3,Equity Scheme - Large Cap Fund,118632,Nippon Large Cap,Open Ended Schemes,30-07-2015,25.11350
Nippon Large Cap,118632,Nippon India Mutual Fund,,INF204K01XI3,Equity Scheme - Large Cap Fund,118632,Nippon Large Cap,Open Ended Schemes,29-07-2015,25.03380
Nippon Large Cap,118632,Nippon India Mutual Fund,,INF204K01XI3,Equity Scheme - Large Cap Fund,118632,Nippon Large Cap,Open Ended Schemes,28-07-2015,24.82130
Nippon Large Cap,118632,Nippon India Mutual Fund,,INF204K01XI3,Equity Scheme - Large Cap Fund,118632,Nippon Large Cap,Open Ended Schemes,27-07-2015,24.81460
Nippon Large Cap,118632,Nippon India Mutual Fund,,INF204K01XI3,Equity Scheme - Large Cap Fund,118632,Nippon Large Cap,Open Ended Schemes,24-07-2015,25.32930
Nippon Large Cap,118632,Nippon India Mutual Fund,,INF204K01XI3,Equity Scheme - Large Cap Fund,118632,Nippon Large Cap,Open Ended Schemes,23-07-2015,25.62790
Nippon Large Cap,118632,Nippon India Mutual Fund,,INF204K01XI3,Equity Scheme - Large Cap Fund,118632,Nippon Large Cap,Open Ended Schemes,22-07-2015,25.59730
Nippon Large Cap,118632,Nippon India Mutual Fund,,INF204K01XI3,Equity Scheme - Large Cap Fund,118632,Nippon Large Cap,Open Ended Schemes,21-07-2015,25.24920
Nippon Large Cap,118632,Nippon India Mutual Fund,,INF204K01XI3,Equity Scheme - Large Cap Fund,118632,Nippon Large Cap,Open Ended Schemes,20-07-2015,25.48600
Nippon Large Cap,118632,Nippon India Mutual Fund,,INF204K01XI3,Equity Scheme - Large Cap Fund,118632,Nippon Large Cap,Open Ended Schemes,17-07-2015,25.51350
Nippon Large Cap,118632,Nippon India Mutual Fund,,INF204K01XI3,Equity Scheme - Large Cap Fund,118632,Nippon Large Cap,Open Ended Schemes,16-07-2015,25.49210
Nippon Large Cap,118632,Nippon India Mutual Fund,,INF204K01XI3,Equity Scheme - Large Cap Fund,118632,Nippon Large Cap,Open Ended Schemes,15-07-2015,25.21500
Nippon Large Cap,118632,Nippon India Mutual Fund,,INF204K01XI3,Equity Scheme - Large Cap Fund,118632,Nippon Large Cap,Open Ended Schemes,14-07-2015,25.08180
Nippon Large Cap,118632,Nippon India Mutual Fund,,INF204K01XI3,Equity Scheme - Large Cap Fund,118632,Nippon Large Cap,Open Ended Schemes,13-07-2015,25.12610
Nippon Large Cap,118632,Nippon India Mutual Fund,,INF204K01XI3,Equity Scheme - Large Cap Fund,118632,Nippon Large Cap,Open Ended Schemes,10-07-2015,24.82980
Nippon Large Cap,118632,Nippon India Mutual Fund,,INF204K01XI3,Equity Scheme - Large Cap Fund,118632,Nippon Large Cap,Open Ended Schemes,09-07-2015,24.64040
Nippon Large Cap,118632,Nippon India Mutual Fund,,INF204K01XI3,Equity Scheme - Large Cap Fund,118632,Nippon Large Cap,Open Ended Schemes,08-07-2015,24.72410
Nippon Large Cap,118632,Nippon India Mutual Fund,,INF204K01XI3,Equity Scheme - Large Cap Fund,118632,Nippon Large Cap,Open Ended Schemes,07-07-2015,24.98000
Nippon Large Cap,118632,Nippon India Mutual Fund,,INF204K01XI3,Equity Scheme - Large Cap Fund,118632,Nippon Large Cap,Open Ended Schemes,06-07-2015,24.98900
Nippon Large Cap,118632,Nippon India Mutual Fund,,INF204K01XI3,Equity Scheme - Large Cap Fund,118632,Nippon Large Cap,Open Ended Schemes,03-07-2015,24.82970
Nippon Large Cap,118632,Nippon India Mutual Fund,,INF204K01XI3,Equity Scheme - Large Cap Fund,118632,Nippon Large Cap,Open Ended Schemes,02-07-2015,24.76170
Nippon Large Cap,118632,Nippon India Mutual Fund,,INF204K01XI3,Equity Scheme - Large Cap Fund,118632,Nippon Large Cap,Open Ended Schemes,01-07-2015,24.68450
Nippon Large Cap,118632,Nippon India Mutual Fund,,INF204K01XI3,Equity Scheme - Large Cap Fund,118632,Nippon Large Cap,Open Ended Schemes,30-06-2015,24.31720
Nippon Large Cap,118632,Nippon India Mutual Fund,,INF204K01XI3,Equity Scheme - Large Cap Fund,118632,Nippon Large Cap,Open Ended Schemes,29-06-2015,24.16280
Nippon Large Cap,118632,Nippon India Mutual Fund,,INF204K01XI3,Equity Scheme - Large Cap Fund,118632,Nippon Large Cap,Open Ended Schemes,26-06-2015,24.44350
Nippon Large Cap,118632,Nippon India Mutual Fund,,INF204K01XI3,Equity Scheme - Large Cap Fund,118632,Nippon Large Cap,Open Ended Schemes,25-06-2015,24.44840
Nippon Large Cap,118632,Nippon India Mutual Fund,,INF204K01XI3,Equity Scheme - Large Cap Fund,118632,Nippon Large Cap,Open Ended Schemes,24-06-2015,24.33740
Nippon Large Cap,118632,Nippon India Mutual Fund,,INF204K01XI3,Equity Scheme - Large Cap Fund,118632,Nippon Large Cap,Open Ended Schemes,23-06-2015,24.43270
Nippon Large Cap,118632,Nippon India Mutual Fund,,INF204K01XI3,Equity Scheme - Large Cap Fund,118632,Nippon Large Cap,Open Ended Schemes,22-06-2015,24.31400
Nippon Large Cap,118632,Nippon India Mutual Fund,,INF204K01XI3,Equity Scheme - Large Cap Fund,118632,Nippon Large Cap,Open Ended Schemes,19-06-2015,23.98690
Nippon Large Cap,118632,Nippon India Mutual Fund,,INF204K01XI3,Equity Scheme - Large Cap Fund,118632,Nippon Large Cap,Open Ended Schemes,18-06-2015,23.91820
Nippon Large Cap,118632,Nippon India Mutual Fund,,INF204K01XI3,Equity Scheme - Large Cap Fund,118632,Nippon Large Cap,Open Ended Schemes,17-06-2015,23.62980
Nippon Large Cap,118632,Nippon India Mutual Fund,,INF204K01XI3,Equity Scheme - Large Cap Fund,118632,Nippon Large Cap,Open Ended Schemes,16-06-2015,23.42200
Nippon Large Cap,118632,Nippon India Mutual Fund,,INF204K01XI3,Equity Scheme - Large Cap Fund,118632,Nippon Large Cap,Open Ended Schemes,15-06-2015,23.33140
Nippon Large Cap,118632,Nippon India Mutual Fund,,INF204K01XI3,Equity Scheme - Large Cap Fund,118632,Nippon Large Cap,Open Ended Schemes,12-06-2015,23.25410
Nippon Large Cap,118632,Nippon India Mutual Fund,,INF204K01XI3,Equity Scheme - Large Cap Fund,118632,Nippon Large Cap,Open Ended Schemes,11-06-2015,23.23390
Nippon Large Cap,118632,Nippon India Mutual Fund,,INF204K01XI3,Equity Scheme - Large Cap Fund,118632,Nippon Large Cap,Open Ended Schemes,10-06-2015,23.73360
Nippon Large Cap,118632,Nippon India Mutual Fund,,INF204K01XI3,Equity Scheme - Large Cap Fund,118632,Nippon Large Cap,Open Ended Schemes,09-06-2015,23.40420
Nippon Large Cap,118632,Nippon India Mutual Fund,,INF204K01XI3,Equity Scheme - Large Cap Fund,118632,Nippon Large Cap,Open Ended Schemes,08-06-2015,23.48000
Nippon Large Cap,118632,Nippon India Mutual Fund,,INF204K01XI3,Equity Scheme - Large Cap Fund,118632,Nippon Large Cap,Open Ended Schemes,05-06-2015,23.72080
Nippon Large Cap,118632,Nippon India Mutual Fund,,INF204K01XI3,Equity Scheme - Large Cap Fund,118632,Nippon Large Cap,Open Ended Schemes,04-06-2015,23.81150
Nippon Large Cap,118632,Nippon India Mutual Fund,,INF204K01XI3,Equity Scheme - Large Cap Fund,118632,Nippon Large Cap,Open Ended Schemes,03-06-2015,23.72950
Nippon Large Cap,118632,Nippon India Mutual Fund,,INF204K01XI3,Equity Scheme - Large Cap Fund,118632,Nippon Large Cap,Open Ended Schemes,02-06-2015,24.08430
Nippon Large Cap,118632,Nippon India Mutual Fund,,INF204K01XI3,Equity Scheme - Large Cap Fund,118632,Nippon Large Cap,Open Ended Schemes,01-06-2015,24.55010
Nippon Large Cap,118632,Nippon India Mutual Fund,,INF204K01XI3,Equity Scheme - Large Cap Fund,118632,Nippon Large Cap,Open Ended Schemes,29-05-2015,24.59830
Nippon Large Cap,118632,Nippon India Mutual Fund,,INF204K01XI3,Equity Scheme - Large Cap Fund,118632,Nippon Large Cap,Open Ended Schemes,28-05-2015,24.30280
Nippon Large Cap,118632,Nippon India Mutual Fund,,INF204K01XI3,Equity Scheme - Large Cap Fund,118632,Nippon Large Cap,Open Ended Schemes,27-05-2015,24.30840
Nippon Large Cap,118632,Nippon India Mutual Fund,,INF204K01XI3,Equity Scheme - Large Cap Fund,118632,Nippon Large Cap,Open Ended Schemes,26-05-2015,24.26440
Nippon Large Cap,118632,Nippon India Mutual Fund,,INF204K01XI3,Equity Scheme - Large Cap Fund,118632,Nippon Large Cap,Open Ended Schemes,25-05-2015,24.30270
Nippon Large Cap,118632,Nippon India Mutual Fund,,INF204K01XI3,Equity Scheme - Large Cap Fund,118632,Nippon Large Cap,Open Ended Schemes,22-05-2015,24.44130
Nippon Large Cap,118632,Nippon India Mutual Fund,,INF204K01XI3,Equity Scheme - Large Cap Fund,118632,Nippon Large Cap,Open Ended Schemes,21-05-2015,24.41880
Nippon Large Cap,118632,Nippon India Mutual Fund,,INF204K01XI3,Equity Scheme - Large Cap Fund,118632,Nippon Large Cap,Open Ended Schemes,20-05-2015,24.33030
Nippon Large Cap,118632,Nippon India Mutual Fund,,INF204K01XI3,Equity Scheme - Large Cap Fund,118632,Nippon Large Cap,Open Ended Schemes,19-05-2015,24.26130
Nippon Large Cap,118632,Nippon India Mutual Fund,,INF204K01XI3,Equity Scheme - Large Cap Fund,118632,Nippon Large Cap,Open Ended Schemes,18-05-2015,24.23030
Nippon Large Cap,118632,Nippon India Mutual Fund,,INF204K01XI3,Equity Scheme - Large Cap Fund,118632,Nippon Large Cap,Open Ended Schemes,15-05-2015,23.96060
Nippon Large Cap,118632,Nippon India Mutual Fund,,INF204K01XI3,Equity Scheme - Large Cap Fund,118632,Nippon Large Cap,Open Ended Schemes,14-05-2015,23.87440
Nippon Large Cap,118632,Nippon India Mutual Fund,,INF204K01XI3,Equity Scheme - Large Cap Fund,118632,Nippon Large Cap,Open Ended Schemes,13-05-2015,23.73170
Nippon Large Cap,118632,Nippon India Mutual Fund,,INF204K01XI3,Equity Scheme - Large Cap Fund,118632,Nippon Large Cap,Open Ended Schemes,12-05-2015,23.37410
Nippon Large Cap,118632,Nippon India Mutual Fund,,INF204K01XI3,Equity Scheme - Large Cap Fund,118632,Nippon Large Cap,Open Ended Schemes,11-05-2015,23.90450
Nippon Large Cap,118632,Nippon India Mutual Fund,,INF204K01XI3,Equity Scheme - Large Cap Fund,118632,Nippon Large Cap,Open Ended Schemes,08-05-2015,23.56990
Nippon Large Cap,118632,Nippon India Mutual Fund,,INF204K01XI3,Equity Scheme - Large Cap Fund,118632,Nippon Large Cap,Open Ended Schemes,07-05-2015,23.26010
Nippon Large Cap,118632,Nippon India Mutual Fund,,INF204K01XI3,Equity Scheme - Large Cap Fund,118632,Nippon Large Cap,Open Ended Schemes,06-05-2015,23.48040
Nippon Large Cap,118632,Nippon India Mutual Fund,,INF204K01XI3,Equity Scheme - Large Cap Fund,118632,Nippon Large Cap,Open Ended Schemes,05-05-2015,24.22510
Nippon Large Cap,118632,Nippon India Mutual Fund,,INF204K01XI3,Equity Scheme - Large Cap Fund,118632,Nippon Large Cap,Open Ended Schemes,04-05-2015,24.29910
Nippon Large Cap,118632,Nippon India Mutual Fund,,INF204K01XI3,Equity Scheme - Large Cap Fund,118632,Nippon Large Cap,Open Ended Schemes,30-04-2015,23.88710
Nippon Large Cap,118632,Nippon India Mutual Fund,,INF204K01XI3,Equity Scheme - Large Cap Fund,118632,Nippon Large Cap,Open Ended Schemes,29-04-2015,23.95810
Nippon Large Cap,118632,Nippon India Mutual Fund,,INF204K01XI3,Equity Scheme - Large Cap Fund,118632,Nippon Large Cap,Open Ended Schemes,28-04-2015,23.96040
Nippon Large Cap,118632,Nippon India Mutual Fund,,INF204K01XI3,Equity Scheme - Large Cap Fund,118632,Nippon Large Cap,Open Ended Schemes,27-04-2015,23.61760
Nippon Large Cap,118632,Nippon India Mutual Fund,,INF204K01XI3,Equity Scheme - Large Cap Fund,118632,Nippon Large Cap,Open Ended Schemes,24-04-2015,23.80700
Nippon Large Cap,118632,Nippon India Mutual Fund,,INF204K01XI3,Equity Scheme - Large Cap Fund,118632,Nippon Large Cap,Open Ended Schemes,23-04-2015,24.12740
Nippon Large Cap,118632,Nippon India Mutual Fund,,INF204K01XI3,Equity Scheme - Large Cap Fund,118632,Nippon Large Cap,Open Ended Schemes,22-04-2015,24.26230
Nippon Large Cap,118632,Nippon India Mutual Fund,,INF204K01XI3,Equity Scheme - Large Cap Fund,118632,Nippon Large Cap,Open Ended Schemes,21-04-2015,24.23020
Nippon Large Cap,118632,Nippon India Mutual Fund,,INF204K01XI3,Equity Scheme - Large Cap Fund,118632,Nippon Large Cap,Open Ended Schemes,20-04-2015,24.31750
Nippon Large Cap,118632,Nippon India Mutual Fund,,INF204K01XI3,Equity Scheme - Large Cap Fund,118632,Nippon Large Cap,Open Ended Schemes,17-04-2015,24.74720
Nippon Large Cap,118632,Nippon India Mutual Fund,,INF204K01XI3,Equity Scheme - Large Cap Fund,118632,Nippon Large Cap,Open Ended Schemes,16-04-2015,25.04570
Nippon Large Cap,118632,Nippon India Mutual Fund,,INF204K01XI3,Equity Scheme - Large Cap Fund,118632,Nippon Large Cap,Open Ended Schemes,15-04-2015,25.21970
Nippon Large Cap,118632,Nippon India Mutual Fund,,INF204K01XI3,Equity Scheme - Large Cap Fund,118632,Nippon Large Cap,Open Ended Schemes,13-04-2015,25.46070
Nippon Large Cap,118632,Nippon India Mutual Fund,,INF204K01XI3,Equity Scheme - Large Cap Fund,118632,Nippon Large Cap,Open Ended Schemes,10-04-2015,25.43420
Nippon Large Cap,118632,Nippon India Mutual Fund,,INF204K01XI3,Equity Scheme - Large Cap Fund,118632,Nippon Large Cap,Open Ended Schemes,09-04-2015,25.43550
Nippon Large Cap,118632,Nippon India Mutual Fund,,INF204K01XI3,Equity Scheme - Large Cap Fund,118632,Nippon Large Cap,Open Ended Schemes,08-04-2015,25.35940
Nippon Large Cap,118632,Nippon India Mutual Fund,,INF204K01XI3,Equity Scheme - Large Cap Fund,118632,Nippon Large Cap,Open Ended Schemes,07-04-2015,25.09880
Nippon Large Cap,118632,Nippon India Mutual Fund,,INF204K01XI3,Equity Scheme - Large Cap Fund,118632,Nippon Large Cap,Open Ended Schemes,06-04-2015,25.13570
Nippon Large Cap,118632,Nippon India Mutual Fund,,INF204K01XI3,Equity Scheme - Large Cap Fund,118632,Nippon Large Cap,Open Ended Schemes,01-04-2015,24.97740
Nippon Large Cap,118632,Nippon India Mutual Fund,,INF204K01XI3,Equity Scheme - Large Cap Fund,118632,Nippon Large Cap,Open Ended Schemes,31-03-2015,24.81730
Nippon Large Cap,118632,Nippon India Mutual Fund,,INF204K01XI3,Equity Scheme - Large Cap Fund,118632,Nippon Large Cap,Open Ended Schemes,30-03-2015,24.72050
Nippon Large Cap,118632,Nippon India Mutual Fund,,INF204K01XI3,Equity Scheme - Large Cap Fund,118632,Nippon Large Cap,Open Ended Schemes,27-03-2015,24.28160
Nippon Large Cap,118632,Nippon India Mutual Fund,,INF204K01XI3,Equity Scheme - Large Cap Fund,118632,Nippon Large Cap,Open Ended Schemes,26-03-2015,24.17440
Nippon Large Cap,118632,Nippon India Mutual Fund,,INF204K01XI3,Equity Scheme - Large Cap Fund,118632,Nippon Large Cap,Open Ended Schemes,25-03-2015,24.60100
Nippon Large Cap,118632,Nippon India Mutual Fund,,INF204K01XI3,Equity Scheme - Large Cap Fund,118632,Nippon Large Cap,Open Ended Schemes,24-03-2015,24.52890
Nippon Large Cap,118632,Nippon India Mutual Fund,,INF204K01XI3,Equity Scheme - Large Cap Fund,118632,Nippon Large Cap,Open Ended Schemes,23-03-2015,24.60140
Nippon Large Cap,118632,Nippon India Mutual Fund,,INF204K01XI3,Equity Scheme - Large Cap Fund,118632,Nippon Large Cap,Open Ended Schemes,20-03-2015,24.84570
Nippon Large Cap,118632,Nippon India Mutual Fund,,INF204K01XI3,Equity Scheme - Large Cap Fund,118632,Nippon Large Cap,Open Ended Schemes,19-03-2015,25.06540
Nippon Large Cap,118632,Nippon India Mutual Fund,,INF204K01XI3,Equity Scheme - Large Cap Fund,118632,Nippon Large Cap,Open Ended Schemes,18-03-2015,25.18680
Nippon Large Cap,118632,Nippon India Mutual Fund,,INF204K01XI3,Equity Scheme - Large Cap Fund,118632,Nippon Large Cap,Open Ended Schemes,17-03-2015,25.26140
Nippon Large Cap,118632,Nippon India Mutual Fund,,INF204K01XI3,Equity Scheme - Large Cap Fund,118632,Nippon Large Cap,Open Ended Schemes,16-03-2015,24.99660
Nippon Large Cap,118632,Nippon India Mutual Fund,,INF204K01XI3,Equity Scheme - Large Cap Fund,118632,Nippon Large Cap,Open Ended Schemes,13-03-2015,24.99850
Nippon Large Cap,118632,Nippon India Mutual Fund,,INF204K01XI3,Equity Scheme - Large Cap Fund,118632,Nippon Large Cap,Open Ended Schemes,12-03-2015,25.42920
Nippon Large Cap,118632,Nippon India Mutual Fund,,INF204K01XI3,Equity Scheme - Large Cap Fund,118632,Nippon Large Cap,Open Ended Schemes,11-03-2015,25.16910
Nippon Large Cap,118632,Nippon India Mutual Fund,,INF204K01XI3,Equity Scheme - Large Cap Fund,118632,Nippon Large Cap,Open Ended Schemes,10-03-2015,25.27270
Nippon Large Cap,118632,Nippon India Mutual Fund,,INF204K01XI3,Equity Scheme - Large Cap Fund,118632,Nippon Large Cap,Open Ended Schemes,09-03-2015,25.36530
Nippon Large Cap,118632,Nippon India Mutual Fund,,INF204K01XI3,Equity Scheme - Large Cap Fund,118632,Nippon Large Cap,Open Ended Schemes,05-03-2015,25.78570
Nippon Large Cap,118632,Nippon India Mutual Fund,,INF204K01XI3,Equity Scheme - Large Cap Fund,118632,Nippon Large Cap,Open Ended Schemes,04-03-2015,25.76620
Nippon Large Cap,118632,Nippon India Mutual Fund,,INF204K01XI3,Equity Scheme - Large Cap Fund,118632,Nippon Large Cap,Open Ended Schemes,03-03-2015,25.88210
Nippon Large Cap,118632,Nippon India Mutual Fund,,INF204K01XI3,Equity Scheme - Large Cap Fund,118632,Nippon Large Cap,Open Ended Schemes,02-03-2015,25.81130
Nippon Large Cap,118632,Nippon India Mutual Fund,,INF204K01XI3,Equity Scheme - Large Cap Fund,118632,Nippon Large Cap,Open Ended Schemes,27-02-2015,25.19220
Nippon Large Cap,118632,Nippon India Mutual Fund,,INF204K01XI3,Equity Scheme - Large Cap Fund,118632,Nippon Large Cap,Open Ended Schemes,26-02-2015,24.70070
Nippon Large Cap,118632,Nippon India Mutual Fund,,INF204K01XI3,Equity Scheme - Large Cap Fund,118632,Nippon Large Cap,Open Ended Schemes,25-02-2015,25.06470
Nippon Large Cap,118632,Nippon India Mutual Fund,,INF204K01XI3,Equity Scheme - Large Cap Fund,118632,Nippon Large Cap,Open Ended Schemes,24-02-2015,25.05510
Nippon Large Cap,118632,Nippon India Mutual Fund,,INF204K01XI3,Equity Scheme - Large Cap Fund,118632,Nippon Large Cap,Open Ended Schemes,23-02-2015,25.10010
Nippon Large Cap,118632,Nippon India Mutual Fund,,INF204K01XI3,Equity Scheme - Large Cap Fund,118632,Nippon Large Cap,Open Ended Schemes,20-02-2015,25.34860
Nippon Large Cap,118632,Nippon India Mutual Fund,,INF204K01XI3,Equity Scheme - Large Cap Fund,118632,Nippon Large Cap,Open Ended Schemes,19-02-2015,25.45050
Nippon Large Cap,118632,Nippon India Mutual Fund,,INF204K01XI3,Equity Scheme - Large Cap Fund,118632,Nippon Large Cap,Open Ended Schemes,18-02-2015,25.35520
Nippon Large Cap,118632,Nippon India Mutual Fund,,INF204K01XI3,Equity Scheme - Large Cap Fund,118632,Nippon Large Cap,Open Ended Schemes,16-02-2015,25.14200
Nippon Large Cap,118632,Nippon India Mutual Fund,,INF204K01XI3,Equity Scheme - Large Cap Fund,118632,Nippon Large Cap,Open Ended Schemes,13-02-2015,25.20940
Nippon Large Cap,118632,Nippon India Mutual Fund,,INF204K01XI3,Equity Scheme - Large Cap Fund,118632,Nippon Large Cap,Open Ended Schemes,12-02-2015,24.93420
Nippon Large Cap,118632,Nippon India Mutual Fund,,INF204K01XI3,Equity Scheme - Large Cap Fund,118632,Nippon Large Cap,Open Ended Schemes,11-02-2015,24.58860
Nippon Large Cap,118632,Nippon India Mutual Fund,,INF204K01XI3,Equity Scheme - Large Cap Fund,118632,Nippon Large Cap,Open Ended Schemes,10-02-2015,24.38340
Nippon Large Cap,118632,Nippon India Mutual Fund,,INF204K01XI3,Equity Scheme - Large Cap Fund,118632,Nippon Large Cap,Open Ended Schemes,09-02-2015,24.20590
Nippon Large Cap,118632,Nippon India Mutual Fund,,INF204K01XI3,Equity Scheme - Large Cap Fund,118632,Nippon Large Cap,Open Ended Schemes,06-02-2015,24.55560
Nippon Large Cap,118632,Nippon India Mutual Fund,,INF204K01XI3,Equity Scheme - Large Cap Fund,118632,Nippon Large Cap,Open Ended Schemes,05-02-2015,24.82150
Nippon Large Cap,118632,Nippon India Mutual Fund,,INF204K01XI3,Equity Scheme - Large Cap Fund,118632,Nippon Large Cap,Open Ended Schemes,04-02-2015,24.92460
Nippon Large Cap,118632,Nippon India Mutual Fund,,INF204K01XI3,Equity Scheme - Large Cap Fund,118632,Nippon Large Cap,Open Ended Schemes,03-02-2015,25.08320
Nippon Large Cap,118632,Nippon India Mutual Fund,,INF204K01XI3,Equity Scheme - Large Cap Fund,118632,Nippon Large Cap,Open Ended Schemes,02-02-2015,25.11290
Nippon Large Cap,118632,Nippon India Mutual Fund,,INF204K01XI3,Equity Scheme - Large Cap Fund,118632,Nippon Large Cap,Open Ended Schemes,30-01-2015,25.06240
Nippon Large Cap,118632,Nippon India Mutual Fund,,INF204K01XI3,Equity Scheme - Large Cap Fund,118632,Nippon Large Cap,Open Ended Schemes,29-01-2015,25.38500
Nippon Large Cap,118632,Nippon India Mutual Fund,,INF204K01XI3,Equity Scheme - Large Cap Fund,118632,Nippon Large Cap,Open Ended Schemes,28-01-2015,25.42100
Nippon Large Cap,118632,Nippon India Mutual Fund,,INF204K01XI3,Equity Scheme - Large Cap Fund,118632,Nippon Large Cap,Open Ended Schemes,27-01-2015,25.33390
Nippon Large Cap,118632,Nippon India Mutual Fund,,INF204K01XI3,Equity Scheme - Large Cap Fund,118632,Nippon Large Cap,Open Ended Schemes,23-01-2015,25.06770
Nippon Large Cap,118632,Nippon India Mutual Fund,,INF204K01XI3,Equity Scheme - Large Cap Fund,118632,Nippon Large Cap,Open Ended Schemes,22-01-2015,24.88190
Nippon Large Cap,118632,Nippon India Mutual Fund,,INF204K01XI3,Equity Scheme - Large Cap Fund,118632,Nippon Large Cap,Open Ended Schemes,21-01-2015,24.75990
Nippon Large Cap,118632,Nippon India Mutual Fund,,INF204K01XI3,Equity Scheme - Large Cap Fund,118632,Nippon Large Cap,Open Ended Schemes,20-01-2015,24.69110
Nippon Large Cap,118632,Nippon India Mutual Fund,,INF204K01XI3,Equity Scheme - Large Cap Fund,118632,Nippon Large Cap,Open Ended Schemes,19-01-2015,24.51310
Nippon Large Cap,118632,Nippon India Mutual Fund,,INF204K01XI3,Equity Scheme - Large Cap Fund,118632,Nippon Large Cap,Open Ended Schemes,16-01-2015,24.31700
Nippon Large Cap,118632,Nippon India Mutual Fund,,INF204K01XI3,Equity Scheme - Large Cap Fund,118632,Nippon Large Cap,Open Ended Schemes,15-01-2015,24.22220
Nippon Large Cap,118632,Nippon India Mutual Fund,,INF204K01XI3,Equity Scheme - Large Cap Fund,118632,Nippon Large Cap,Open Ended Schemes,14-01-2015,23.76750
Nippon Large Cap,118632,Nippon India Mutual Fund,,INF204K01XI3,Equity Scheme - Large Cap Fund,118632,Nippon Large Cap,Open Ended Schemes,13-01-2015,23.82830
Nippon Large Cap,118632,Nippon India Mutual Fund,,INF204K01XI3,Equity Scheme - Large Cap Fund,118632,Nippon Large Cap,Open Ended Schemes,12-01-2015,23.85580
Nippon Large Cap,118632,Nippon India Mutual Fund,,INF204K01XI3,Equity Scheme - Large Cap Fund,118632,Nippon Large Cap,Open Ended Schemes,09-01-2015,23.69190
Nippon Large Cap,118632,Nippon India Mutual Fund,,INF204K01XI3,Equity Scheme - Large Cap Fund,118632,Nippon Large Cap,Open Ended Schemes,08-01-2015,23.55570
Nippon Large Cap,118632,Nippon India Mutual Fund,,INF204K01XI3,Equity Scheme - Large Cap Fund,118632,Nippon Large Cap,Open Ended Schemes,07-01-2015,23.18880
Nippon Large Cap,118632,Nippon India Mutual Fund,,INF204K01XI3,Equity Scheme - Large Cap Fund,118632,Nippon Large Cap,Open Ended Schemes,06-01-2015,23.29780
Nippon Large Cap,118632,Nippon India Mutual Fund,,INF204K01XI3,Equity Scheme - Large Cap Fund,118632,Nippon Large Cap,Open Ended Schemes,05-01-2015,23.93060
Nippon Large Cap,118632,Nippon India Mutual Fund,,INF204K01XI3,Equity Scheme - Large Cap Fund,118632,Nippon Large Cap,Open Ended Schemes,02-01-2015,23.86850
Nippon Large Cap,118632,Nippon India Mutual Fund,,INF204K01XI3,Equity Scheme - Large Cap Fund,118632,Nippon Large Cap,Open Ended Schemes,01-01-2015,23.65280
Nippon Large Cap,118632,Nippon India Mutual Fund,,INF204K01XI3,Equity Scheme - Large Cap Fund,118632,Nippon Large Cap,Open Ended Schemes,31-12-2014,23.60950
Nippon Large Cap,118632,Nippon India Mutual Fund,,INF204K01XI3,Equity Scheme - Large Cap Fund,118632,Nippon Large Cap,Open Ended Schemes,30-12-2014,23.54980
Nippon Large Cap,118632,Nippon India Mutual Fund,,INF204K01XI3,Equity Scheme - Large Cap Fund,118632,Nippon Large Cap,Open Ended Schemes,29-12-2014,23.45360
Nippon Large Cap,118632,Nippon India Mutual Fund,,INF204K01XI3,Equity Scheme - Large Cap Fund,118632,Nippon Large Cap,Open Ended Schemes,26-12-2014,23.24890
Nippon Large Cap,118632,Nippon India Mutual Fund,,INF204K01XI3,Equity Scheme - Large Cap Fund,118632,Nippon Large Cap,Open Ended Schemes,24-12-2014,23.15410
Nippon Large Cap,118632,Nippon India Mutual Fund,,INF204K01XI3,Equity Scheme - Large Cap Fund,118632,Nippon Large Cap,Open Ended Schemes,23-12-2014,23.24790
Nippon Large Cap,118632,Nippon India Mutual Fund,,INF204K01XI3,Equity Scheme - Large Cap Fund,118632,Nippon Large Cap,Open Ended Schemes,22-12-2014,23.36590
Nippon Large Cap,118632,Nippon India Mutual Fund,,INF204K01XI3,Equity Scheme - Large Cap Fund,118632,Nippon Large Cap,Open Ended Schemes,19-12-2014,23.15360
Nippon Large Cap,118632,Nippon India Mutual Fund,,INF204K01XI3,Equity Scheme - Large Cap Fund,118632,Nippon Large Cap,Open Ended Schemes,18-12-2014,23.01640
Nippon Large Cap,118632,Nippon India Mutual Fund,,INF204K01XI3,Equity Scheme - Large Cap Fund,118632,Nippon Large Cap,Open Ended Schemes,17-12-2014,22.56130
Nippon Large Cap,118632,Nippon India Mutual Fund,,INF204K01XI3,Equity Scheme - Large Cap Fund,118632,Nippon Large Cap,Open Ended Schemes,16-12-2014,22.67090
Nippon Large Cap,118632,Nippon India Mutual Fund,,INF204K01XI3,Equity Scheme - Large Cap Fund,118632,Nippon Large Cap,Open Ended Schemes,15-12-2014,23.11250
Nippon Large Cap,118632,Nippon India Mutual Fund,,INF204K01XI3,Equity Scheme - Large Cap Fund,118632,Nippon Large Cap,Open Ended Schemes,12-12-2014,23.25320
Nippon Large Cap,118632,Nippon India Mutual Fund,,INF204K01XI3,Equity Scheme - Large Cap Fund,118632,Nippon Large Cap,Open Ended Schemes,11-12-2014,23.40960
Nippon Large Cap,118632,Nippon India Mutual Fund,,INF204K01XI3,Equity Scheme - Large Cap Fund,118632,Nippon Large Cap,Open Ended Schemes,10-12-2014,23.53790
Nippon Large Cap,118632,Nippon India Mutual Fund,,INF204K01XI3,Equity Scheme - Large Cap Fund,118632,Nippon Large Cap,Open Ended Schemes,09-12-2014,23.46370
Nippon Large Cap,118632,Nippon India Mutual Fund,,INF204K01XI3,Equity Scheme - Large Cap Fund,118632,Nippon Large Cap,Open Ended Schemes,08-12-2014,23.77790
Nippon Large Cap,118632,Nippon India Mutual Fund,,INF204K01XI3,Equity Scheme - Large Cap Fund,118632,Nippon Large Cap,Open Ended Schemes,05-12-2014,24.15360
Nippon Large Cap,118632,Nippon India Mutual Fund,,INF204K01XI3,Equity Scheme - Large Cap Fund,118632,Nippon Large Cap,Open Ended Schemes,04-12-2014,24.32710
Nippon Large Cap,118632,Nippon India Mutual Fund,,INF204K01XI3,Equity Scheme - Large Cap Fund,118632,Nippon Large Cap,Open Ended Schemes,03-12-2014,24.25330
Nippon Large Cap,118632,Nippon India Mutual Fund,,INF204K01XI3,Equity Scheme - Large Cap Fund,118632,Nippon Large Cap,Open Ended Schemes,02-12-2014,23.99930
Nippon Large Cap,118632,Nippon India Mutual Fund,,INF204K01XI3,Equity Scheme - Large Cap Fund,118632,Nippon Large Cap,Open Ended Schemes,01-12-2014,24.01410
Nippon Large Cap,118632,Nippon India Mutual Fund,,INF204K01XI3,Equity Scheme - Large Cap Fund,118632,Nippon Large Cap,Open Ended Schemes,28-11-2014,23.99150
Nippon Large Cap,118632,Nippon India Mutual Fund,,INF204K01XI3,Equity Scheme - Large Cap Fund,118632,Nippon Large Cap,Open Ended Schemes,27-11-2014,23.60100
Nippon Large Cap,118632,Nippon India Mutual Fund,,INF204K01XI3,Equity Scheme - Large Cap Fund,118632,Nippon Large Cap,Open Ended Schemes,26-11-2014,23.51480
Nippon Large Cap,118632,Nippon India Mutual Fund,,INF204K01XI3,Equity Scheme - Large Cap Fund,118632,Nippon Large Cap,Open Ended Schemes,25-11-2014,23.52330
Nippon Large Cap,118632,Nippon India Mutual Fund,,INF204K01XI3,Equity Scheme - Large Cap Fund,118632,Nippon Large Cap,Open Ended Schemes,24-11-2014,23.68320
Nippon Large Cap,118632,Nippon India Mutual Fund,,INF204K01XI3,Equity Scheme - Large Cap Fund,118632,Nippon Large Cap,Open Ended Schemes,21-11-2014,23.54580
Nippon Large Cap,118632,Nippon India Mutual Fund,,INF204K01XI3,Equity Scheme - Large Cap Fund,118632,Nippon Large Cap,Open Ended Schemes,20-11-2014,23.34560
Nippon Large Cap,118632,Nippon India Mutual Fund,,INF204K01XI3,Equity Scheme - Large Cap Fund,118632,Nippon Large Cap,Open Ended Schemes,19-11-2014,23.36730
Nippon Large Cap,118632,Nippon India Mutual Fund,,INF204K01XI3,Equity Scheme - Large Cap Fund,118632,Nippon Large Cap,Open Ended Schemes,18-11-2014,23.49510
Nippon Large Cap,118632,Nippon India Mutual Fund,,INF204K01XI3,Equity Scheme - Large Cap Fund,118632,Nippon Large Cap,Open Ended Schemes,17-11-2014,23.33640
Nippon Large Cap,118632,Nippon India Mutual Fund,,INF204K01XI3,Equity Scheme - Large Cap Fund,118632,Nippon Large Cap,Open Ended Schemes,14-11-2014,23.19630
Nippon Large Cap,118632,Nippon India Mutual Fund,,INF204K01XI3,Equity Scheme - Large Cap Fund,118632,Nippon Large Cap,Open Ended Schemes,13-11-2014,23.04670
Nippon Large Cap,118632,Nippon India Mutual Fund,,INF204K01XI3,Equity Scheme - Large Cap Fund,118632,Nippon Large Cap,Open Ended Schemes,12-11-2014,23.11280
Nippon Large Cap,118632,Nippon India Mutual Fund,,INF204K01XI3,Equity Scheme - Large Cap Fund,118632,Nippon Large Cap,Open Ended Schemes,11-11-2014,23.06310
Nippon Large Cap,118632,Nippon India Mutual Fund,,INF204K01XI3,Equity Scheme - Large Cap Fund,118632,Nippon Large Cap,Open Ended Schemes,10-11-2014,22.86590
Nippon Large Cap,118632,Nippon India Mutual Fund,,INF204K01XI3,Equity Scheme - Large Cap Fund,118632,Nippon Large Cap,Open Ended Schemes,07-11-2014,22.88060
Nippon Large Cap,118632,Nippon India Mutual Fund,,INF204K01XI3,Equity Scheme - Large Cap Fund,118632,Nippon Large Cap,Open Ended Schemes,05-11-2014,22.79400
Nippon Large Cap,118632,Nippon India Mutual Fund,,INF204K01XI3,Equity Scheme - Large Cap Fund,118632,Nippon Large Cap,Open Ended Schemes,03-11-2014,22.70170
Nippon Large Cap,118632,Nippon India Mutual Fund,,INF204K01XI3,Equity Scheme - Large Cap Fund,118632,Nippon Large Cap,Open Ended Schemes,31-10-2014,22.75780
Nippon Large Cap,118632,Nippon India Mutual Fund,,INF204K01XI3,Equity Scheme - Large Cap Fund,118632,Nippon Large Cap,Open Ended Schemes,30-10-2014,22.34700
Nippon Large Cap,118632,Nippon India Mutual Fund,,INF204K01XI3,Equity Scheme - Large Cap Fund,118632,Nippon Large Cap,Open Ended Schemes,29-10-2014,22.13880
Nippon Large Cap,118632,Nippon India Mutual Fund,,INF204K01XI3,Equity Scheme - Large Cap Fund,118632,Nippon Large Cap,Open Ended Schemes,28-10-2014,21.99600
Nippon Large Cap,118632,Nippon India Mutual Fund,,INF204K01XI3,Equity Scheme - Large Cap Fund,118632,Nippon Large Cap,Open Ended Schemes,27-10-2014,21.86160
Nippon Large Cap,118632,Nippon India Mutual Fund,,INF204K01XI3,Equity Scheme - Large Cap Fund,118632,Nippon Large Cap,Open Ended Schemes,22-10-2014,21.85510
Nippon Large Cap,118632,Nippon India Mutual Fund,,INF204K01XI3,Equity Scheme - Large Cap Fund,118632,Nippon Large Cap,Open Ended Schemes,21-10-2014,21.59180
Nippon Large Cap,118632,Nippon India Mutual Fund,,INF204K01XI3,Equity Scheme - Large Cap Fund,118632,Nippon Large Cap,Open Ended Schemes,20-10-2014,21.35300
Nippon Large Cap,118632,Nippon India Mutual Fund,,INF204K01XI3,Equity Scheme - Large Cap Fund,118632,Nippon Large Cap,Open Ended Schemes,17-10-2014,21.01710
Nippon Large Cap,118632,Nippon India Mutual Fund,,INF204K01XI3,Equity Scheme - Large Cap Fund,118632,Nippon Large Cap,Open Ended Schemes,16-10-2014,20.90380
Nippon Large Cap,118632,Nippon India Mutual Fund,,INF204K01XI3,Equity Scheme - Large Cap Fund,118632,Nippon Large Cap,Open Ended Schemes,14-10-2014,21.24080
Nippon Large Cap,118632,Nippon India Mutual Fund,,INF204K01XI3,Equity Scheme - Large Cap Fund,118632,Nippon Large Cap,Open Ended Schemes,13-10-2014,21.28170
Nippon Large Cap,118632,Nippon India Mutual Fund,,INF204K01XI3,Equity Scheme - Large Cap Fund,118632,Nippon Large Cap,Open Ended Schemes,10-10-2014,21.12570
Nippon Large Cap,118632,Nippon India Mutual Fund,,INF204K01XI3,Equity Scheme - Large Cap Fund,118632,Nippon Large Cap,Open Ended Schemes,09-10-2014,21.37120
Nippon Large Cap,118632,Nippon India Mutual Fund,,INF204K01XI3,Equity Scheme - Large Cap Fund,118632,Nippon Large Cap,Open Ended Schemes,08-10-2014,20.98580
Nippon Large Cap,118632,Nippon India Mutual Fund,,INF204K01XI3,Equity Scheme - Large Cap Fund,118632,Nippon Large Cap,Open Ended Schemes,07-10-2014,21.05010
Nippon Large Cap,118632,Nippon India Mutual Fund,,INF204K01XI3,Equity Scheme - Large Cap Fund,118632,Nippon Large Cap,Open Ended Schemes,01-10-2014,21.28530
Nippon Large Cap,118632,Nippon India Mutual Fund,,INF204K01XI3,Equity Scheme - Large Cap Fund,118632,Nippon Large Cap,Open Ended Schemes,30-09-2014,21.39250
Nippon Large Cap,118632,Nippon India Mutual Fund,,INF204K01XI3,Equity Scheme - Large Cap Fund,118632,Nippon Large Cap,Open Ended Schemes,29-09-2014,21.35040
Nippon Large Cap,118632,Nippon India Mutual Fund,,INF204K01XI3,Equity Scheme - Large Cap Fund,118632,Nippon Large Cap,Open Ended Schemes,26-09-2014,21.30350
Nippon Large Cap,118632,Nippon India Mutual Fund,,INF204K01XI3,Equity Scheme - Large Cap Fund,118632,Nippon Large Cap,Open Ended Schemes,25-09-2014,21.03850
Nippon Large Cap,118632,Nippon India Mutual Fund,,INF204K01XI3,Equity Scheme - Large Cap Fund,118632,Nippon Large Cap,Open Ended Schemes,24-09-2014,21.36590
Nippon Large Cap,118632,Nippon India Mutual Fund,,INF204K01XI3,Equity Scheme - Large Cap Fund,118632,Nippon Large Cap,Open Ended Schemes,23-09-2014,21.51750
Nippon Large Cap,118632,Nippon India Mutual Fund,,INF204K01XI3,Equity Scheme - Large Cap Fund,118632,Nippon Large Cap,Open Ended Schemes,22-09-2014,21.85680
Nippon Large Cap,118632,Nippon India Mutual Fund,,INF204K01XI3,Equity Scheme - Large Cap Fund,118632,Nippon Large Cap,Open Ended Schemes,19-09-2014,21.82760
Nippon Large Cap,118632,Nippon India Mutual Fund,,INF204K01XI3,Equity Scheme - Large Cap Fund,118632,Nippon Large Cap,Open Ended Schemes,18-09-2014,21.91470
Nippon Large Cap,118632,Nippon India Mutual Fund,,INF204K01XI3,Equity Scheme - Large Cap Fund,118632,Nippon Large Cap,Open Ended Schemes,17-09-2014,21.48620
Nippon Large Cap,118632,Nippon India Mutual Fund,,INF204K01XI3,Equity Scheme - Large Cap Fund,118632,Nippon Large Cap,Open Ended Schemes,16-09-2014,21.39630
Nippon Large Cap,118632,Nippon India Mutual Fund,,INF204K01XI3,Equity Scheme - Large Cap Fund,118632,Nippon Large Cap,Open Ended Schemes,15-09-2014,21.88200
Nippon Large Cap,118632,Nippon India Mutual Fund,,INF204K01XI3,Equity Scheme - Large Cap Fund,118632,Nippon Large Cap,Open Ended Schemes,12-09-2014,21.87690
Nippon Large Cap,118632,Nippon India Mutual Fund,,INF204K01XI3,Equity Scheme - Large Cap Fund,118632,Nippon Large Cap,Open Ended Schemes,11-09-2014,21.85950
Nippon Large Cap,118632,Nippon India Mutual Fund,,INF204K01XI3,Equity Scheme - Large Cap Fund,118632,Nippon Large Cap,Open Ended Schemes,10-09-2014,21.68060
Nippon Large Cap,118632,Nippon India Mutual Fund,,INF204K01XI3,Equity Scheme - Large Cap Fund,118632,Nippon Large Cap,Open Ended Schemes,09-09-2014,21.80950
Nippon Large Cap,118632,Nippon India Mutual Fund,,INF204K01XI3,Equity Scheme - Large Cap Fund,118632,Nippon Large Cap,Open Ended Schemes,08-09-2014,21.82690
Nippon Large Cap,118632,Nippon India Mutual Fund,,INF204K01XI3,Equity Scheme - Large Cap Fund,118632,Nippon Large Cap,Open Ended Schemes,05-09-2014,21.53390
Nippon Large Cap,118632,Nippon India Mutual Fund,,INF204K01XI3,Equity Scheme - Large Cap Fund,118632,Nippon Large Cap,Open Ended Schemes,04-09-2014,21.42610
Nippon Large Cap,118632,Nippon India Mutual Fund,,INF204K01XI3,Equity Scheme - Large Cap Fund,118632,Nippon Large Cap,Open Ended Schemes,03-09-2014,21.49350
Nippon Large Cap,118632,Nippon India Mutual Fund,,INF204K01XI3,Equity Scheme - Large Cap Fund,118632,Nippon Large Cap,Open Ended Schemes,02-09-2014,21.27690
Nippon Large Cap,118632,Nippon India Mutual Fund,,INF204K01XI3,Equity Scheme - Large Cap Fund,118632,Nippon Large Cap,Open Ended Schemes,01-09-2014,21.19610
Nippon Large Cap,118632,Nippon India Mutual Fund,,INF204K01XI3,Equity Scheme - Large Cap Fund,118632,Nippon Large Cap,Open Ended Schemes,28-08-2014,20.86330
Nippon Large Cap,118632,Nippon India Mutual Fund,,INF204K01XI3,Equity Scheme - Large Cap Fund,118632,Nippon Large Cap,Open Ended Schemes,27-08-2014,20.80280
Nippon Large Cap,118632,Nippon India Mutual Fund,,INF204K01XI3,Equity Scheme - Large Cap Fund,118632,Nippon Large Cap,Open Ended Schemes,26-08-2014,20.71400
Nippon Large Cap,118632,Nippon India Mutual Fund,,INF204K01XI3,Equity Scheme - Large Cap Fund,118632,Nippon Large Cap,Open Ended Schemes,25-08-2014,20.77680
Nippon Large Cap,118632,Nippon India Mutual Fund,,INF204K01XI3,Equity Scheme - Large Cap Fund,118632,Nippon Large Cap,Open Ended Schemes,22-08-2014,20.79440
Nippon Large Cap,118632,Nippon India Mutual Fund,,INF204K01XI3,Equity Scheme - Large Cap Fund,118632,Nippon Large Cap,Open Ended Schemes,21-08-2014,20.65790
Nippon Large Cap,118632,Nippon India Mutual Fund,,INF204K01XI3,Equity Scheme - Large Cap Fund,118632,Nippon Large Cap,Open Ended Schemes,20-08-2014,20.50590
Nippon Large Cap,118632,Nippon India Mutual Fund,,INF204K01XI3,Equity Scheme - Large Cap Fund,118632,Nippon Large Cap,Open Ended Schemes,19-08-2014,20.52760
Nippon Large Cap,118632,Nippon India Mutual Fund,,INF204K01XI3,Equity Scheme - Large Cap Fund,118632,Nippon Large Cap,Open Ended Schemes,18-08-2014,20.36650
Nippon Large Cap,118632,Nippon India Mutual Fund,,INF204K01XI3,Equity Scheme - Large Cap Fund,118632,Nippon Large Cap,Open Ended Schemes,14-08-2014,20.07110
Nippon Large Cap,118632,Nippon India Mutual Fund,,INF204K01XI3,Equity Scheme - Large Cap Fund,118632,Nippon Large Cap,Open Ended Schemes,13-08-2014,19.97970
Nippon Large Cap,118632,Nippon India Mutual Fund,,INF204K01XI3,Equity Scheme - Large Cap Fund,118632,Nippon Large Cap,Open Ended Schemes,12-08-2014,19.93210
Nippon Large Cap,118632,Nippon India Mutual Fund,,INF204K01XI3,Equity Scheme - Large Cap Fund,118632,Nippon Large Cap,Open Ended Schemes,11-08-2014,19.79470
Nippon Large Cap,118632,Nippon India Mutual Fund,,INF204K01XI3,Equity Scheme - Large Cap Fund,118632,Nippon Large Cap,Open Ended Schemes,08-08-2014,19.67870
Nippon Large Cap,118632,Nippon India Mutual Fund,,INF204K01XI3,Equity Scheme - Large Cap Fund,118632,Nippon Large Cap,Open Ended Schemes,07-08-2014,19.97770
Nippon Large Cap,118632,Nippon India Mutual Fund,,INF204K01XI3,Equity Scheme - Large Cap Fund,118632,Nippon Large Cap,Open Ended Schemes,06-08-2014,20.03110
Nippon Large Cap,118632,Nippon India Mutual Fund,,INF204K01XI3,Equity Scheme - Large Cap Fund,118632,Nippon Large Cap,Open Ended Schemes,05-08-2014,20.16730
Nippon Large Cap,118632,Nippon India Mutual Fund,,INF204K01XI3,Equity Scheme - Large Cap Fund,118632,Nippon Large Cap,Open Ended Schemes,04-08-2014,20.01610
Nippon Large Cap,118632,Nippon India Mutual Fund,,INF204K01XI3,Equity Scheme - Large Cap Fund,118632,Nippon Large Cap,Open Ended Schemes,01-08-2014,19.73280
Nippon Large Cap,118632,Nippon India Mutual Fund,,INF204K01XI3,Equity Scheme - Large Cap Fund,118632,Nippon Large Cap,Open Ended Schemes,31-07-2014,19.92390
Nippon Large Cap,118632,Nippon India Mutual Fund,,INF204K01XI3,Equity Scheme - Large Cap Fund,118632,Nippon Large Cap,Open Ended Schemes,30-07-2014,20.06200
Nippon Large Cap,118632,Nippon India Mutual Fund,,INF204K01XI3,Equity Scheme - Large Cap Fund,118632,Nippon Large Cap,Open Ended Schemes,28-07-2014,20.09880
Nippon Large Cap,118632,Nippon India Mutual Fund,,INF204K01XI3,Equity Scheme - Large Cap Fund,118632,Nippon Large Cap,Open Ended Schemes,25-07-2014,20.16150
Nippon Large Cap,118632,Nippon India Mutual Fund,,INF204K01XI3,Equity Scheme - Large Cap Fund,118632,Nippon Large Cap,Open Ended Schemes,24-07-2014,20.34460
Nippon Large Cap,118632,Nippon India Mutual Fund,,INF204K01XI3,Equity Scheme - Large Cap Fund,118632,Nippon Large Cap,Open Ended Schemes,23-07-2014,20.26310
Nippon Large Cap,118632,Nippon India Mutual Fund,,INF204K01XI3,Equity Scheme - Large Cap Fund,118632,Nippon Large Cap,Open Ended Schemes,22-07-2014,20.18280
Nippon Large Cap,118632,Nippon India Mutual Fund,,INF204K01XI3,Equity Scheme - Large Cap Fund,118632,Nippon Large Cap,Open Ended Schemes,21-07-2014,20.14560
Nippon Large Cap,118632,Nippon India Mutual Fund,,INF204K01XI3,Equity Scheme - Large Cap Fund,118632,Nippon Large Cap,Open Ended Schemes,18-07-2014,20.12160
Nippon Large Cap,118632,Nippon India Mutual Fund,,INF204K01XI3,Equity Scheme - Large Cap Fund,118632,Nippon Large Cap,Open Ended Schemes,17-07-2014,20.13000
Nippon Large Cap,118632,Nippon India Mutual Fund,,INF204K01XI3,Equity Scheme - Large Cap Fund,118632,Nippon Large Cap,Open Ended Schemes,16-07-2014,20.05020
Nippon Large Cap,118632,Nippon India Mutual Fund,,INF204K01XI3,Equity Scheme - Large Cap Fund,118632,Nippon Large Cap,Open Ended Schemes,15-07-2014,19.77040
Nippon Large Cap,118632,Nippon India Mutual Fund,,INF204K01XI3,Equity Scheme - Large Cap Fund,118632,Nippon Large Cap,Open Ended Schemes,14-07-2014,19.42000
Nippon Large Cap,118632,Nippon India Mutual Fund,,INF204K01XI3,Equity Scheme - Large Cap Fund,118632,Nippon Large Cap,Open Ended Schemes,11-07-2014,19.47870
Nippon Large Cap,118632,Nippon India Mutual Fund,,INF204K01XI3,Equity Scheme - Large Cap Fund,118632,Nippon Large Cap,Open Ended Schemes,10-07-2014,19.78870
Nippon Large Cap,118632,Nippon India Mutual Fund,,INF204K01XI3,Equity Scheme - Large Cap Fund,118632,Nippon Large Cap,Open Ended Schemes,09-07-2014,19.76430
Nippon Large Cap,118632,Nippon India Mutual Fund,,INF204K01XI3,Equity Scheme - Large Cap Fund,118632,Nippon Large Cap,Open Ended Schemes,08-07-2014,20.02620
Nippon Large Cap,118632,Nippon India Mutual Fund,,INF204K01XI3,Equity Scheme - Large Cap Fund,118632,Nippon Large Cap,Open Ended Schemes,07-07-2014,20.58360
Nippon Large Cap,118632,Nippon India Mutual Fund,,INF204K01XI3,Equity Scheme - Large Cap Fund,118632,Nippon Large Cap,Open Ended Schemes,04-07-2014,20.54590
Nippon Large Cap,118632,Nippon India Mutual Fund,,INF204K01XI3,Equity Scheme - Large Cap Fund,118632,Nippon Large Cap,Open Ended Schemes,03-07-2014,20.53020
Nippon Large Cap,118632,Nippon India Mutual Fund,,INF204K01XI3,Equity Scheme - Large Cap Fund,118632,Nippon Large Cap,Open Ended Schemes,02-07-2014,20.44260
Nippon Large Cap,118632,Nippon India Mutual Fund,,INF204K01XI3,Equity Scheme - Large Cap Fund,118632,Nippon Large Cap,Open Ended Schemes,01-07-2014,20.23540
Nippon Large Cap,118632,Nippon India Mutual Fund,,INF204K01XI3,Equity Scheme - Large Cap Fund,118632,Nippon Large Cap,Open Ended Schemes,30-06-2014,20.11240
Nippon Large Cap,118632,Nippon India Mutual Fund,,INF204K01XI3,Equity Scheme - Large Cap Fund,118632,Nippon Large Cap,Open Ended Schemes,27-06-2014,19.73920
Nippon Large Cap,118632,Nippon India Mutual Fund,,INF204K01XI3,Equity Scheme - Large Cap Fund,118632,Nippon Large Cap,Open Ended Schemes,26-06-2014,19.59810
Nippon Large Cap,118632,Nippon India Mutual Fund,,INF204K01XI3,Equity Scheme - Large Cap Fund,118632,Nippon Large Cap,Open Ended Schemes,25-06-2014,19.69210
Nippon Large Cap,118632,Nippon India Mutual Fund,,INF204K01XI3,Equity Scheme - Large Cap Fund,118632,Nippon Large Cap,Open Ended Schemes,24-06-2014,19.66790
Nippon Large Cap,118632,Nippon India Mutual Fund,,INF204K01XI3,Equity Scheme - Large Cap Fund,118632,Nippon Large Cap,Open Ended Schemes,23-06-2014,19.48280
Nippon Large Cap,118632,Nippon India Mutual Fund,,INF204K01XI3,Equity Scheme - Large Cap Fund,118632,Nippon Large Cap,Open Ended Schemes,20-06-2014,19.40170
Nippon Large Cap,118632,Nippon India Mutual Fund,,INF204K01XI3,Equity Scheme - Large Cap Fund,118632,Nippon Large Cap,Open Ended Schemes,19-06-2014,19.50070
Nippon Large Cap,118632,Nippon India Mutual Fund,,INF204K01XI3,Equity Scheme - Large Cap Fund,118632,Nippon Large Cap,Open Ended Schemes,18-06-2014,19.64280
Nippon Large Cap,118632,Nippon India Mutual Fund,,INF204K01XI3,Equity Scheme - Large Cap Fund,118632,Nippon Large Cap,Open Ended Schemes,17-06-2014,19.77230
Nippon Large Cap,118632,Nippon India Mutual Fund,,INF204K01XI3,Equity Scheme - Large Cap Fund,118632,Nippon Large Cap,Open Ended Schemes,16-06-2014,19.50860
Nippon Large Cap,118632,Nippon India Mutual Fund,,INF204K01XI3,Equity Scheme - Large Cap Fund,118632,Nippon Large Cap,Open Ended Schemes,13-06-2014,19.56010
Nippon Large Cap,118632,Nippon India Mutual Fund,,INF204K01XI3,Equity Scheme - Large Cap Fund,118632,Nippon Large Cap,Open Ended Schemes,12-06-2014,19.80350
Nippon Large Cap,118632,Nippon India Mutual Fund,,INF204K01XI3,Equity Scheme - Large Cap Fund,118632,Nippon Large Cap,Open Ended Schemes,11-06-2014,19.75830
Nippon Large Cap,118632,Nippon India Mutual Fund,,INF204K01XI3,Equity Scheme - Large Cap Fund,118632,Nippon Large Cap,Open Ended Schemes,10-06-2014,19.78910
Nippon Large Cap,118632,Nippon India Mutual Fund,,INF204K01XI3,Equity Scheme - Large Cap Fund,118632,Nippon Large Cap,Open Ended Schemes,09-06-2014,19.76500
Nippon Large Cap,118632,Nippon India Mutual Fund,,INF204K01XI3,Equity Scheme - Large Cap Fund,118632,Nippon Large Cap,Open Ended Schemes,06-06-2014,19.54330
Nippon Large Cap,118632,Nippon India Mutual Fund,,INF204K01XI3,Equity Scheme - Large Cap Fund,118632,Nippon Large Cap,Open Ended Schemes,05-06-2014,19.34890
Nippon Large Cap,118632,Nippon India Mutual Fund,,INF204K01XI3,Equity Scheme - Large Cap Fund,118632,Nippon Large Cap,Open Ended Schemes,04-06-2014,19.06850
Nippon Large Cap,118632,Nippon India Mutual Fund,,INF204K01XI3,Equity Scheme - Large Cap Fund,118632,Nippon Large Cap,Open Ended Schemes,03-06-2014,18.99560
Nippon Large Cap,118632,Nippon India Mutual Fund,,INF204K01XI3,Equity Scheme - Large Cap Fund,118632,Nippon Large Cap,Open Ended Schemes,02-06-2014,18.88570
Nippon Large Cap,118632,Nippon India Mutual Fund,,INF204K01XI3,Equity Scheme - Large Cap Fund,118632,Nippon Large Cap,Open Ended Schemes,30-05-2014,18.46980
Nippon Large Cap,118632,Nippon India Mutual Fund,,INF204K01XI3,Equity Scheme - Large Cap Fund,118632,Nippon Large Cap,Open Ended Schemes,29-05-2014,18.59280
Nippon Large Cap,118632,Nippon India Mutual Fund,,INF204K01XI3,Equity Scheme - Large Cap Fund,118632,Nippon Large Cap,Open Ended Schemes,28-05-2014,18.77590
Nippon Large Cap,118632,Nippon India Mutual Fund,,INF204K01XI3,Equity Scheme - Large Cap Fund,118632,Nippon Large Cap,Open Ended Schemes,27-05-2014,18.66060
Nippon Large Cap,118632,Nippon India Mutual Fund,,INF204K01XI3,Equity Scheme - Large Cap Fund,118632,Nippon Large Cap,Open Ended Schemes,26-05-2014,18.72170
Nippon Large Cap,118632,Nippon India Mutual Fund,,INF204K01XI3,Equity Scheme - Large Cap Fund,118632,Nippon Large Cap,Open Ended Schemes,23-05-2014,18.79530
Nippon Large Cap,118632,Nippon India Mutual Fund,,INF204K01XI3,Equity Scheme - Large Cap Fund,118632,Nippon Large Cap,Open Ended Schemes,22-05-2014,18.45620
Nippon Large Cap,118632,Nippon India Mutual Fund,,INF204K01XI3,Equity Scheme - Large Cap Fund,118632,Nippon Large Cap,Open Ended Schemes,21-05-2014,18.28400
Nippon Large Cap,118632,Nippon India Mutual Fund,,INF204K01XI3,Equity Scheme - Large Cap Fund,118632,Nippon Large Cap,Open Ended Schemes,20-05-2014,18.20960
Nippon Large Cap,118632,Nippon India Mutual Fund,,INF204K01XI3,Equity Scheme - Large Cap Fund,118632,Nippon Large Cap,Open Ended Schemes,19-05-2014,18.07490
Nippon Large Cap,118632,Nippon India Mutual Fund,,INF204K01XI3,Equity Scheme - Large Cap Fund,118632,Nippon Large Cap,Open Ended Schemes,16-05-2014,17.70030
Nippon Large Cap,118632,Nippon India Mutual Fund,,INF204K01XI3,Equity Scheme - Large Cap Fund,118632,Nippon Large Cap,Open Ended Schemes,15-05-2014,17.29710
Nippon Large Cap,118632,Nippon India Mutual Fund,,INF204K01XI3,Equity Scheme - Large Cap Fund,118632,Nippon Large Cap,Open Ended Schemes,14-05-2014,17.38580
Nippon Large Cap,118632,Nippon India Mutual Fund,,INF204K01XI3,Equity Scheme - Large Cap Fund,118632,Nippon Large Cap,Open Ended Schemes,13-05-2014,17.36910
Nippon Large Cap,118632,Nippon India Mutual Fund,,INF204K01XI3,Equity Scheme - Large Cap Fund,118632,Nippon Large Cap,Open Ended Schemes,12-05-2014,17.08110
Nippon Large Cap,118632,Nippon India Mutual Fund,,INF204K01XI3,Equity Scheme - Large Cap Fund,118632,Nippon Large Cap,Open Ended Schemes,09-05-2014,16.77040
Nippon Large Cap,118632,Nippon India Mutual Fund,,INF204K01XI3,Equity Scheme - Large Cap Fund,118632,Nippon Large Cap,Open Ended Schemes,08-05-2014,16.34630
Nippon Large Cap,118632,Nippon India Mutual Fund,,INF204K01XI3,Equity Scheme - Large Cap Fund,118632,Nippon Large Cap,Open Ended Schemes,07-05-2014,16.30840
Nippon Large Cap,118632,Nippon India Mutual Fund,,INF204K01XI3,Equity Scheme - Large Cap Fund,118632,Nippon Large Cap,Open Ended Schemes,06-05-2014,16.43140
Nippon Large Cap,118632,Nippon India Mutual Fund,,INF204K01XI3,Equity Scheme - Large Cap Fund,118632,Nippon Large Cap,Open Ended Schemes,05-05-2014,16.40940
Nippon Large Cap,118632,Nippon India Mutual Fund,,INF204K01XI3,Equity Scheme - Large Cap Fund,118632,Nippon Large Cap,Open Ended Schemes,02-05-2014,16.40550
Nippon Large Cap,118632,Nippon India Mutual Fund,,INF204K01XI3,Equity Scheme - Large Cap Fund,118632,Nippon Large Cap,Open Ended Schemes,30-04-2014,16.44930
Nippon Large Cap,118632,Nippon India Mutual Fund,,INF204K01XI3,Equity Scheme - Large Cap Fund,118632,Nippon Large Cap,Open Ended Schemes,29-04-2014,16.49490
Nippon Large Cap,118632,Nippon India Mutual Fund,,INF204K01XI3,Equity Scheme - Large Cap Fund,118632,Nippon Large Cap,Open Ended Schemes,28-04-2014,16.64300
Nippon Large Cap,118632,Nippon India Mutual Fund,,INF204K01XI3,Equity Scheme - Large Cap Fund,118632,Nippon Large Cap,Open Ended Schemes,25-04-2014,16.66030
Nippon Large Cap,118632,Nippon India Mutual Fund,,INF204K01XI3,Equity Scheme - Large Cap Fund,118632,Nippon Large Cap,Open Ended Schemes,23-04-2014,16.75500
Nippon Large Cap,118632,Nippon India Mutual Fund,,INF204K01XI3,Equity Scheme - Large Cap Fund,118632,Nippon Large Cap,Open Ended Schemes,22-04-2014,16.69010
Nippon Large Cap,118632,Nippon India Mutual Fund,,INF204K01XI3,Equity Scheme - Large Cap Fund,118632,Nippon Large Cap,Open Ended Schemes,21-04-2014,16.65460
Nippon Large Cap,118632,Nippon India Mutual Fund,,INF204K01XI3,Equity Scheme - Large Cap Fund,118632,Nippon Large Cap,Open Ended Schemes,17-04-2014,16.50790
Nippon Large Cap,118632,Nippon India Mutual Fund,,INF204K01XI3,Equity Scheme - Large Cap Fund,118632,Nippon Large Cap,Open Ended Schemes,16-04-2014,16.28240
Nippon Large Cap,118632,Nippon India Mutual Fund,,INF204K01XI3,Equity Scheme - Large Cap Fund,118632,Nippon Large Cap,Open Ended Schemes,15-04-2014,16.47930
Nippon Large Cap,118632,Nippon India Mutual Fund,,INF204K01XI3,Equity Scheme - Large Cap Fund,118632,Nippon Large Cap,Open Ended Schemes,11-04-2014,16.56780
Nippon Large Cap,118632,Nippon India Mutual Fund,,INF204K01XI3,Equity Scheme - Large Cap Fund,118632,Nippon Large Cap,Open Ended Schemes,10-04-2014,16.67910
Nippon Large Cap,118632,Nippon India Mutual Fund,,INF204K01XI3,Equity Scheme - Large Cap Fund,118632,Nippon Large Cap,Open Ended Schemes,09-04-2014,16.63600
Nippon Large Cap,118632,Nippon India Mutual Fund,,INF204K01XI3,Equity Scheme - Large Cap Fund,118632,Nippon Large Cap,Open Ended Schemes,07-04-2014,16.41940
Nippon Large Cap,118632,Nippon India Mutual Fund,,INF204K01XI3,Equity Scheme - Large Cap Fund,118632,Nippon Large Cap,Open Ended Schemes,04-04-2014,16.42550
Nippon Large Cap,118632,Nippon India Mutual Fund,,INF204K01XI3,Equity Scheme - Large Cap Fund,118632,Nippon Large Cap,Open Ended Schemes,03-04-2014,16.50410
Nippon Large Cap,118632,Nippon India Mutual Fund,,INF204K01XI3,Equity Scheme - Large Cap Fund,118632,Nippon Large Cap,Open Ended Schemes,02-04-2014,16.57620
Nippon Large Cap,118632,Nippon India Mutual Fund,,INF204K01XI3,Equity Scheme - Large Cap Fund,118632,Nippon Large Cap,Open Ended Schemes,01-04-2014,16.39980
Nippon Large Cap,118632,Nippon India Mutual Fund,,INF204K01XI3,Equity Scheme - Large Cap Fund,118632,Nippon Large Cap,Open Ended Schemes,31-03-2014,16.43370
Nippon Large Cap,118632,Nippon India Mutual Fund,,INF204K01XI3,Equity Scheme - Large Cap Fund,118632,Nippon Large Cap,Open Ended Schemes,28-03-2014,16.29500
Nippon Large Cap,118632,Nippon India Mutual Fund,,INF204K01XI3,Equity Scheme - Large Cap Fund,118632,Nippon Large Cap,Open Ended Schemes,27-03-2014,16.10470
Nippon Large Cap,118632,Nippon India Mutual Fund,,INF204K01XI3,Equity Scheme - Large Cap Fund,118632,Nippon Large Cap,Open Ended Schemes,26-03-2014,16.02090
Nippon Large Cap,118632,Nippon India Mutual Fund,,INF204K01XI3,Equity Scheme - Large Cap Fund,118632,Nippon Large Cap,Open Ended Schemes,25-03-2014,16.01310
Nippon Large Cap,118632,Nippon India Mutual Fund,,INF204K01XI3,Equity Scheme - Large Cap Fund,118632,Nippon Large Cap,Open Ended Schemes,24-03-2014,15.96370
Nippon Large Cap,118632,Nippon India Mutual Fund,,INF204K01XI3,Equity Scheme - Large Cap Fund,118632,Nippon Large Cap,Open Ended Schemes,21-03-2014,15.80770
Nippon Large Cap,118632,Nippon India Mutual Fund,,INF204K01XI3,Equity Scheme - Large Cap Fund,118632,Nippon Large Cap,Open Ended Schemes,20-03-2014,15.76310
Nippon Large Cap,118632,Nippon India Mutual Fund,,INF204K01XI3,Equity Scheme - Large Cap Fund,118632,Nippon Large Cap,Open Ended Schemes,19-03-2014,15.88490
Nippon Large Cap,118632,Nippon India Mutual Fund,,INF204K01XI3,Equity Scheme - Large Cap Fund,118632,Nippon Large Cap,Open Ended Schemes,18-03-2014,15.85600
Nippon Large Cap,118632,Nippon India Mutual Fund,,INF204K01XI3,Equity Scheme - Large Cap Fund,118632,Nippon Large Cap,Open Ended Schemes,14-03-2014,15.73050
Nippon Large Cap,118632,Nippon India Mutual Fund,,INF204K01XI3,Equity Scheme - Large Cap Fund,118632,Nippon Large Cap,Open Ended Schemes,13-03-2014,15.74140
Nippon Large Cap,118632,Nippon India Mutual Fund,,INF204K01XI3,Equity Scheme - Large Cap Fund,118632,Nippon Large Cap,Open Ended Schemes,12-03-2014,15.77500
Nippon Large Cap,118632,Nippon India Mutual Fund,,INF204K01XI3,Equity Scheme - Large Cap Fund,118632,Nippon Large Cap,Open Ended Schemes,11-03-2014,15.77970
Nippon Large Cap,118632,Nippon India Mutual Fund,,INF204K01XI3,Equity Scheme - Large Cap Fund,118632,Nippon Large Cap,Open Ended Schemes,10-03-2014,15.83360
Nippon Large Cap,118632,Nippon India Mutual Fund,,INF204K01XI3,Equity Scheme - Large Cap Fund,118632,Nippon Large Cap,Open Ended Schemes,07-03-2014,15.78930
Nippon Large Cap,118632,Nippon India Mutual Fund,,INF204K01XI3,Equity Scheme - Large Cap Fund,118632,Nippon Large Cap,Open Ended Schemes,06-03-2014,15.62400
Nippon Large Cap,118632,Nippon India Mutual Fund,,INF204K01XI3,Equity Scheme - Large Cap Fund,118632,Nippon Large Cap,Open Ended Schemes,05-03-2014,15.44930
Nippon Large Cap,118632,Nippon India Mutual Fund,,INF204K01XI3,Equity Scheme - Large Cap Fund,118632,Nippon Large Cap,Open Ended Schemes,04-03-2014,15.32150
Nippon Large Cap,118632,Nippon India Mutual Fund,,INF204K01XI3,Equity Scheme - Large Cap Fund,118632,Nippon Large Cap,Open Ended Schemes,03-03-2014,15.10800
Nippon Large Cap,118632,Nippon India Mutual Fund,,INF204K01XI3,Equity Scheme - Large Cap Fund,118632,Nippon Large Cap,Open Ended Schemes,28-02-2014,15.23670
Nippon Large Cap,118632,Nippon India Mutual Fund,,INF204K01XI3,Equity Scheme - Large Cap Fund,118632,Nippon Large Cap,Open Ended Schemes,26-02-2014,15.14230
Nippon Large Cap,118632,Nippon India Mutual Fund,,INF204K01XI3,Equity Scheme - Large Cap Fund,118632,Nippon Large Cap,Open Ended Schemes,25-02-2014,15.05780
Nippon Large Cap,118632,Nippon India Mutual Fund,,INF204K01XI3,Equity Scheme - Large Cap Fund,118632,Nippon Large Cap,Open Ended Schemes,24-02-2014,15.01740
Nippon Large Cap,118632,Nippon India Mutual Fund,,INF204K01XI3,Equity Scheme - Large Cap Fund,118632,Nippon Large Cap,Open Ended Schemes,21-02-2014,14.92250
Nippon Large Cap,118632,Nippon India Mutual Fund,,INF204K01XI3,Equity Scheme - Large Cap Fund,118632,Nippon Large Cap,Open Ended Schemes,20-02-2014,14.76350
Nippon Large Cap,118632,Nippon India Mutual Fund,,INF204K01XI3,Equity Scheme - Large Cap Fund,118632,Nippon Large Cap,Open Ended Schemes,19-02-2014,14.81920
Nippon Large Cap,118632,Nippon India Mutual Fund,,INF204K01XI3,Equity Scheme - Large Cap Fund,118632,Nippon Large Cap,Open Ended Schemes,18-02-2014,14.70530
Nippon Large Cap,118632,Nippon India Mutual Fund,,INF204K01XI3,Equity Scheme - Large Cap Fund,118632,Nippon Large Cap,Open Ended Schemes,17-02-2014,14.56670
Nippon Large Cap,118632,Nippon India Mutual Fund,,INF204K01XI3,Equity Scheme - Large Cap Fund,118632,Nippon Large Cap,Open Ended Schemes,14-02-2014,14.53210
Nippon Large Cap,118632,Nippon India Mutual Fund,,INF204K01XI3,Equity Scheme - Large Cap Fund,118632,Nippon Large Cap,Open Ended Schemes,13-02-2014,14.45820
Nippon Large Cap,118632,Nippon India Mutual Fund,,INF204K01XI3,Equity Scheme - Large Cap Fund,118632,Nippon Large Cap,Open Ended Schemes,12-02-2014,14.64090
Nippon Large Cap,118632,Nippon India Mutual Fund,,INF204K01XI3,Equity Scheme - Large Cap Fund,118632,Nippon Large Cap,Open Ended Schemes,11-02-2014,14.56980
Nippon Large Cap,118632,Nippon India Mutual Fund,,INF204K01XI3,Equity Scheme - Large Cap Fund,118632,Nippon Large Cap,Open Ended Schemes,10-02-2014,14.48750
Nippon Large Cap,118632,Nippon India Mutual Fund,,INF204K01XI3,Equity Scheme - Large Cap Fund,118632,Nippon Large Cap,Open Ended Schemes,07-02-2014,14.52660
Nippon Large Cap,118632,Nippon India Mutual Fund,,INF204K01XI3,Equity Scheme - Large Cap Fund,118632,Nippon Large Cap,Open Ended Schemes,06-02-2014,14.49060
Nippon Large Cap,118632,Nippon India Mutual Fund,,INF204K01XI3,Equity Scheme - Large Cap Fund,118632,Nippon Large Cap,Open Ended Schemes,05-02-2014,14.48610
Nippon Large Cap,118632,Nippon India Mutual Fund,,INF204K01XI3,Equity Scheme - Large Cap Fund,118632,Nippon Large Cap,Open Ended Schemes,04-02-2014,14.46500
Nippon Large Cap,118632,Nippon India Mutual Fund,,INF204K01XI3,Equity Scheme - Large Cap Fund,118632,Nippon Large Cap,Open Ended Schemes,03-02-2014,14.45070
Nippon Large Cap,118632,Nippon India Mutual Fund,,INF204K01XI3,Equity Scheme - Large Cap Fund,118632,Nippon Large Cap,Open Ended Schemes,31-01-2014,14.63180
Nippon Large Cap,118632,Nippon India Mutual Fund,,INF204K01XI3,Equity Scheme - Large Cap Fund,118632,Nippon Large Cap,Open Ended Schemes,30-01-2014,14.45730
Nippon Large Cap,118632,Nippon India Mutual Fund,,INF204K01XI3,Equity Scheme - Large Cap Fund,118632,Nippon Large Cap,Open Ended Schemes,29-01-2014,14.59580
Nippon Large Cap,118632,Nippon India Mutual Fund,,INF204K01XI3,Equity Scheme - Large Cap Fund,118632,Nippon Large Cap,Open Ended Schemes,28-01-2014,14.53100
Nippon Large Cap,118632,Nippon India Mutual Fund,,INF204K01XI3,Equity Scheme - Large Cap Fund,118632,Nippon Large Cap,Open Ended Schemes,27-01-2014,14.61530
Nippon Large Cap,118632,Nippon India Mutual Fund,,INF204K01XI3,Equity Scheme - Large Cap Fund,118632,Nippon Large Cap,Open Ended Schemes,24-01-2014,14.93070
Nippon Large Cap,118632,Nippon India Mutual Fund,,INF204K01XI3,Equity Scheme - Large Cap Fund,118632,Nippon Large Cap,Open Ended Schemes,23-01-2014,15.09940
Nippon Large Cap,118632,Nippon India Mutual Fund,,INF204K01XI3,Equity Scheme - Large Cap Fund,118632,Nippon Large Cap,Open Ended Schemes,22-01-2014,15.11100
Nippon Large Cap,118632,Nippon India Mutual Fund,,INF204K01XI3,Equity Scheme - Large Cap Fund,118632,Nippon Large Cap,Open Ended Schemes,21-01-2014,15.02910
Nippon Large Cap,118632,Nippon India Mutual Fund,,INF204K01XI3,Equity Scheme - Large Cap Fund,118632,Nippon Large Cap,Open Ended Schemes,20-01-2014,15.00260
Nippon Large Cap,118632,Nippon India Mutual Fund,,INF204K01XI3,Equity Scheme - Large Cap Fund,118632,Nippon Large Cap,Open Ended Schemes,17-01-2014,14.86130
Nippon Large Cap,118632,Nippon India Mutual Fund,,INF204K01XI3,Equity Scheme - Large Cap Fund,118632,Nippon Large Cap,Open Ended Schemes,16-01-2014,15.03550
Nippon Large Cap,118632,Nippon India Mutual Fund,,INF204K01XI3,Equity Scheme - Large Cap Fund,118632,Nippon Large Cap,Open Ended Schemes,15-01-2014,15.02190
Nippon Large Cap,118632,Nippon India Mutual Fund,,INF204K01XI3,Equity Scheme - Large Cap Fund,118632,Nippon Large Cap,Open Ended Schemes,14-01-2014,14.89230
Nippon Large Cap,118632,Nippon India Mutual Fund,,INF204K01XI3,Equity Scheme - Large Cap Fund,118632,Nippon Large Cap,Open Ended Schemes,13-01-2014,14.96950
Nippon Large Cap,118632,Nippon India Mutual Fund,,INF204K01XI3,Equity Scheme - Large Cap Fund,118632,Nippon Large Cap,Open Ended Schemes,10-01-2014,14.76760
Nippon Large Cap,118632,Nippon India Mutual Fund,,INF204K01XI3,Equity Scheme - Large Cap Fund,118632,Nippon Large Cap,Open Ended Schemes,09-01-2014,14.79280
Nippon Large Cap,118632,Nippon India Mutual Fund,,INF204K01XI3,Equity Scheme - Large Cap Fund,118632,Nippon Large Cap,Open Ended Schemes,08-01-2014,14.83570
Nippon Large Cap,118632,Nippon India Mutual Fund,,INF204K01XI3,Equity Scheme - Large Cap Fund,118632,Nippon Large Cap,Open Ended Schemes,07-01-2014,14.85600
Nippon Large Cap,118632,Nippon India Mutual Fund,,INF204K01XI3,Equity Scheme - Large Cap Fund,118632,Nippon Large Cap,Open Ended Schemes,06-01-2014,14.92350
Nippon Large Cap,118632,Nippon India Mutual Fund,,INF204K01XI3,Equity Scheme - Large Cap Fund,118632,Nippon Large Cap,Open Ended Schemes,03-01-2014,14.95410
Nippon Large Cap,118632,Nippon India Mutual Fund,,INF204K01XI3,Equity Scheme - Large Cap Fund,118632,Nippon Large Cap,Open Ended Schemes,02-01-2014,14.92580
Nippon Large Cap,118632,Nippon India Mutual Fund,,INF204K01XI3,Equity Scheme - Large Cap Fund,118632,Nippon Large Cap,Open Ended Schemes,01-01-2014,15.16410
Nippon Large Cap,118632,Nippon India Mutual Fund,,INF204K01XI3,Equity Scheme - Large Cap Fund,118632,Nippon Large Cap,Open Ended Schemes,31-12-2013,15.16340
Nippon Large Cap,118632,Nippon India Mutual Fund,,INF204K01XI3,Equity Scheme - Large Cap Fund,118632,Nippon Large Cap,Open Ended Schemes,30-12-2013,15.05800
Nippon Large Cap,118632,Nippon India Mutual Fund,,INF204K01XI3,Equity Scheme - Large Cap Fund,118632,Nippon Large Cap,Open Ended Schemes,27-12-2013,15.13380
Nippon Large Cap,118632,Nippon India Mutual Fund,,INF204K01XI3,Equity Scheme - Large Cap Fund,118632,Nippon Large Cap,Open Ended Schemes,26-12-2013,15.05690
Nippon Large Cap,118632,Nippon India Mutual Fund,,INF204K01XI3,Equity Scheme - Large Cap Fund,118632,Nippon Large Cap,Open Ended Schemes,24-12-2013,15.05190
Nippon Large Cap,118632,Nippon India Mutual Fund,,INF204K01XI3,Equity Scheme - Large Cap Fund,118632,Nippon Large Cap,Open Ended Schemes,23-12-2013,15.02360
Nippon Large Cap,118632,Nippon India Mutual Fund,,INF204K01XI3,Equity Scheme - Large Cap Fund,118632,Nippon Large Cap,Open Ended Schemes,20-12-2013,14.98080
Nippon Large Cap,118632,Nippon India Mutual Fund,,INF204K01XI3,Equity Scheme - Large Cap Fund,118632,Nippon Large Cap,Open Ended Schemes,19-12-2013,14.75250
Nippon Large Cap,118632,Nippon India Mutual Fund,,INF204K01XI3,Equity Scheme - Large Cap Fund,118632,Nippon Large Cap,Open Ended Schemes,18-12-2013,14.79420
Nippon Large Cap,118632,Nippon India Mutual Fund,,INF204K01XI3,Equity Scheme - Large Cap Fund,118632,Nippon Large Cap,Open Ended Schemes,17-12-2013,14.58780
Nippon Large Cap,118632,Nippon India Mutual Fund,,INF204K01XI3,Equity Scheme - Large Cap Fund,118632,Nippon Large Cap,Open Ended Schemes,16-12-2013,14.53140
Nippon Large Cap,118632,Nippon India Mutual Fund,,INF204K01XI3,Equity Scheme - Large Cap Fund,118632,Nippon Large Cap,Open Ended Schemes,13-12-2013,14.42930
Nippon Large Cap,118632,Nippon India Mutual Fund,,INF204K01XI3,Equity Scheme - Large Cap Fund,118632,Nippon Large Cap,Open Ended Schemes,12-12-2013,14.61140
Nippon Large Cap,118632,Nippon India Mutual Fund,,INF204K01XI3,Equity Scheme - Large Cap Fund,118632,Nippon Large Cap,Open Ended Schemes,11-12-2013,14.72000
Nippon Large Cap,118632,Nippon India Mutual Fund,,INF204K01XI3,Equity Scheme - Large Cap Fund,118632,Nippon Large Cap,Open Ended Schemes,10-12-2013,14.77660
Nippon Large Cap,118632,Nippon India Mutual Fund,,INF204K01XI3,Equity Scheme - Large Cap Fund,118632,Nippon Large Cap,Open Ended Schemes,09-12-2013,14.82920
Nippon Large Cap,118632,Nippon India Mutual Fund,,INF204K01XI3,Equity Scheme - Large Cap Fund,118632,Nippon Large Cap,Open Ended Schemes,06-12-2013,14.60490
Nippon Large Cap,118632,Nippon India Mutual Fund,,INF204K01XI3,Equity Scheme - Large Cap Fund,118632,Nippon Large Cap,Open Ended Schemes,05-12-2013,14.56510
Nippon Large Cap,118632,Nippon India Mutual Fund,,INF204K01XI3,Equity Scheme - Large Cap Fund,118632,Nippon Large Cap,Open Ended Schemes,04-12-2013,14.40800
Nippon Large Cap,118632,Nippon India Mutual Fund,,INF204K01XI3,Equity Scheme - Large Cap Fund,118632,Nippon Large Cap,Open Ended Schemes,03-12-2013,14.46900
Nippon Large Cap,118632,Nippon India Mutual Fund,,INF204K01XI3,Equity Scheme - Large Cap Fund,118632,Nippon Large Cap,Open Ended Schemes,02-12-2013,14.44150
Nippon Large Cap,118632,Nippon India Mutual Fund,,INF204K01XI3,Equity Scheme - Large Cap Fund,118632,Nippon Large Cap,Open Ended Schemes,29-11-2013,14.32770
Nippon Large Cap,118632,Nippon India Mutual Fund,,INF204K01XI3,Equity Scheme - Large Cap Fund,118632,Nippon Large Cap,Open Ended Schemes,28-11-2013,14.14610
Nippon Large Cap,118632,Nippon India Mutual Fund,,INF204K01XI3,Equity Scheme - Large Cap Fund,118632,Nippon Large Cap,Open Ended Schemes,27-11-2013,14.02410
Nippon Large Cap,118632,Nippon India Mutual Fund,,INF204K01XI3,Equity Scheme - Large Cap Fund,118632,Nippon Large Cap,Open Ended Schemes,26-11-2013,14.06360
Nippon Large Cap,118632,Nippon India Mutual Fund,,INF204K01XI3,Equity Scheme - Large Cap Fund,118632,Nippon Large Cap,Open Ended Schemes,25-11-2013,14.19290
Nippon Large Cap,118632,Nippon India Mutual Fund,,INF204K01XI3,Equity Scheme - Large Cap Fund,118632,Nippon Large Cap,Open Ended Schemes,22-11-2013,13.95520
Nippon Large Cap,118632,Nippon India Mutual Fund,,INF204K01XI3,Equity Scheme - Large Cap Fund,118632,Nippon Large Cap,Open Ended Schemes,21-11-2013,13.94150
Nippon Large Cap,118632,Nippon India Mutual Fund,,INF204K01XI3,Equity Scheme - Large Cap Fund,118632,Nippon Large Cap,Open Ended Schemes,20-11-2013,14.18190
Nippon Large Cap,118632,Nippon India Mutual Fund,,INF204K01XI3,Equity Scheme - Large Cap Fund,118632,Nippon Large Cap,Open Ended Schemes,19-11-2013,14.37780
Nippon Large Cap,118632,Nippon India Mutual Fund,,INF204K01XI3,Equity Scheme - Large Cap Fund,118632,Nippon Large Cap,Open Ended Schemes,18-11-2013,14.32280
Nippon Large Cap,118632,Nippon India Mutual Fund,,INF204K01XI3,Equity Scheme - Large Cap Fund,118632,Nippon Large Cap,Open Ended Schemes,14-11-2013,14.11960
Nippon Large Cap,118632,Nippon India Mutual Fund,,INF204K01XI3,Equity Scheme - Large Cap Fund,118632,Nippon Large Cap,Open Ended Schemes,13-11-2013,13.92250
Nippon Large Cap,118632,Nippon India Mutual Fund,,INF204K01XI3,Equity Scheme - Large Cap Fund,118632,Nippon Large Cap,Open Ended Schemes,12-11-2013,14.01910
Nippon Large Cap,118632,Nippon India Mutual Fund,,INF204K01XI3,Equity Scheme - Large Cap Fund,118632,Nippon Large Cap,Open Ended Schemes,11-11-2013,14.09040
Nippon Large Cap,118632,Nippon India Mutual Fund,,INF204K01XI3,Equity Scheme - Large Cap Fund,118632,Nippon Large Cap,Open Ended Schemes,08-11-2013,14.18200
Nippon Large Cap,118632,Nippon India Mutual Fund,,INF204K01XI3,Equity Scheme - Large Cap Fund,118632,Nippon Large Cap,Open Ended Schemes,07-11-2013,14.28000
Nippon Large Cap,118632,Nippon India Mutual Fund,,INF204K01XI3,Equity Scheme - Large Cap Fund,118632,Nippon Large Cap,Open Ended Schemes,06-11-2013,14.40020
Nippon Large Cap,118632,Nippon India Mutual Fund,,INF204K01XI3,Equity Scheme - Large Cap Fund,118632,Nippon Large Cap,Open Ended Schemes,05-11-2013,14.43770
Nippon Large Cap,118632,Nippon India Mutual Fund,,INF204K01XI3,Equity Scheme - Large Cap Fund,118632,Nippon Large Cap,Open Ended Schemes,01-11-2013,14.42730
Nippon Large Cap,118632,Nippon India Mutual Fund,,INF204K01XI3,Equity Scheme - Large Cap Fund,118632,Nippon Large Cap,Open Ended Schemes,31-10-2013,14.34130
Nippon Large Cap,118632,Nippon India Mutual Fund,,INF204K01XI3,Equity Scheme - Large Cap Fund,118632,Nippon Large Cap,Open Ended Schemes,30-10-2013,14.20560
Nippon Large Cap,118632,Nippon India Mutual Fund,,INF204K01XI3,Equity Scheme - Large Cap Fund,118632,Nippon Large Cap,Open Ended Schemes,29-10-2013,14.11900
Nippon Large Cap,118632,Nippon India Mutual Fund,,INF204K01XI3,Equity Scheme - Large Cap Fund,118632,Nippon Large Cap,Open Ended Schemes,28-10-2013,13.86240
Nippon Large Cap,118632,Nippon India Mutual Fund,,INF204K01XI3,Equity Scheme - Large Cap Fund,118632,Nippon Large Cap,Open Ended Schemes,25-10-2013,13.95000
Nippon Large Cap,118632,Nippon India Mutual Fund,,INF204K01XI3,Equity Scheme - Large Cap Fund,118632,Nippon Large Cap,Open Ended Schemes,24-10-2013,14.00330
Nippon Large Cap,118632,Nippon India Mutual Fund,,INF204K01XI3,Equity Scheme - Large Cap Fund,118632,Nippon Large Cap,Open Ended Schemes,23-10-2013,14.05970
Nippon Large Cap,118632,Nippon India Mutual Fund,,INF204K01XI3,Equity Scheme - Large Cap Fund,118632,Nippon Large Cap,Open Ended Schemes,22-10-2013,14.11500
Nippon Large Cap,118632,Nippon India Mutual Fund,,INF204K01XI3,Equity Scheme - Large Cap Fund,118632,Nippon Large Cap,Open Ended Schemes,21-10-2013,14.11880
Nippon Large Cap,118632,Nippon India Mutual Fund,,INF204K01XI3,Equity Scheme - Large Cap Fund,118632,Nippon Large Cap,Open Ended Schemes,18-10-2013,14.05240
Nippon Large Cap,118632,Nippon India Mutual Fund,,INF204K01XI3,Equity Scheme - Large Cap Fund,118632,Nippon Large Cap,Open Ended Schemes,17-10-2013,13.78520
Nippon Large Cap,118632,Nippon India Mutual Fund,,INF204K01XI3,Equity Scheme - Large Cap Fund,118632,Nippon Large Cap,Open Ended Schemes,15-10-2013,13.88540
Nippon Large Cap,118632,Nippon India Mutual Fund,,INF204K01XI3,Equity Scheme - Large Cap Fund,118632,Nippon Large Cap,Open Ended Schemes,14-10-2013,13.93620
Nippon Large Cap,118632,Nippon India Mutual Fund,,INF204K01XI3,Equity Scheme - Large Cap Fund,118632,Nippon Large Cap,Open Ended Schemes,11-10-2013,13.92150
Nippon Large Cap,118632,Nippon India Mutual Fund,,INF204K01XI3,Equity Scheme - Large Cap Fund,118632,Nippon Large Cap,Open Ended Schemes,10-10-2013,13.73880
Nippon Large Cap,118632,Nippon India Mutual Fund,,INF204K01XI3,Equity Scheme - Large Cap Fund,118632,Nippon Large Cap,Open Ended Schemes,09-10-2013,13.71750
Nippon Large Cap,118632,Nippon India Mutual Fund,,INF204K01XI3,Equity Scheme - Large Cap Fund,118632,Nippon Large Cap,Open Ended Schemes,08-10-2013,13.61740
Nippon Large Cap,118632,Nippon India Mutual Fund,,INF204K01XI3,Equity Scheme - Large Cap Fund,118632,Nippon Large Cap,Open Ended Schemes,07-10-2013,13.60970
Nippon Large Cap,118632,Nippon India Mutual Fund,,INF204K01XI3,Equity Scheme - Large Cap Fund,118632,Nippon Large Cap,Open Ended Schemes,04-10-2013,13.55460
Nippon Large Cap,118632,Nippon India Mutual Fund,,INF204K01XI3,Equity Scheme - Large Cap Fund,118632,Nippon Large Cap,Open Ended Schemes,03-10-2013,13.56080
Nippon Large Cap,118632,Nippon India Mutual Fund,,INF204K01XI3,Equity Scheme - Large Cap Fund,118632,Nippon Large Cap,Open Ended Schemes,01-10-2013,13.27150
Nippon Large Cap,118632,Nippon India Mutual Fund,,INF204K01XI3,Equity Scheme - Large Cap Fund,118632,Nippon Large Cap,Open Ended Schemes,30-09-2013,13.12860
Nippon Large Cap,118632,Nippon India Mutual Fund,,INF204K01XI3,Equity Scheme - Large Cap Fund,118632,Nippon Large Cap,Open Ended Schemes,27-09-2013,13.29450
Nippon Large Cap,118632,Nippon India Mutual Fund,,INF204K01XI3,Equity Scheme - Large Cap Fund,118632,Nippon Large Cap,Open Ended Schemes,26-09-2013,13.34340
Nippon Large Cap,118632,Nippon India Mutual Fund,,INF204K01XI3,Equity Scheme - Large Cap Fund,118632,Nippon Large Cap,Open Ended Schemes,25-09-2013,13.35500
Nippon Large Cap,118632,Nippon India Mutual Fund,,INF204K01XI3,Equity Scheme - Large Cap Fund,118632,Nippon Large Cap,Open Ended Schemes,24-09-2013,13.36380
Nippon Large Cap,118632,Nippon India Mutual Fund,,INF204K01XI3,Equity Scheme - Large Cap Fund,118632,Nippon Large Cap,Open Ended Schemes,23-09-2013,13.40800
Nippon Large Cap,118632,Nippon India Mutual Fund,,INF204K01XI3,Equity Scheme - Large Cap Fund,118632,Nippon Large Cap,Open Ended Schemes,20-09-2013,13.63660
Nippon Large Cap,118632,Nippon India Mutual Fund,,INF204K01XI3,Equity Scheme - Large Cap Fund,118632,Nippon Large Cap,Open Ended Schemes,19-09-2013,13.81900
Nippon Large Cap,118632,Nippon India Mutual Fund,,INF204K01XI3,Equity Scheme - Large Cap Fund,118632,Nippon Large Cap,Open Ended Schemes,18-09-2013,13.44280
Nippon Large Cap,118632,Nippon India Mutual Fund,,INF204K01XI3,Equity Scheme - Large Cap Fund,118632,Nippon Large Cap,Open Ended Schemes,17-09-2013,13.34980
Nippon Large Cap,118632,Nippon India Mutual Fund,,INF204K01XI3,Equity Scheme - Large Cap Fund,118632,Nippon Large Cap,Open Ended Schemes,16-09-2013,13.28760
Nippon Large Cap,118632,Nippon India Mutual Fund,,INF204K01XI3,Equity Scheme - Large Cap Fund,118632,Nippon Large Cap,Open Ended Schemes,13-09-2013,13.36530
Nippon Large Cap,118632,Nippon India Mutual Fund,,INF204K01XI3,Equity Scheme - Large Cap Fund,118632,Nippon Large Cap,Open Ended Schemes,12-09-2013,13.34580
Nippon Large Cap,118632,Nippon India Mutual Fund,,INF204K01XI3,Equity Scheme - Large Cap Fund,118632,Nippon Large Cap,Open Ended Schemes,11-09-2013,13.45420
Nippon Large Cap,118632,Nippon India Mutual Fund,,INF204K01XI3,Equity Scheme - Large Cap Fund,118632,Nippon Large Cap,Open Ended Schemes,10-09-2013,13.34710
Nippon Large Cap,118632,Nippon India Mutual Fund,,INF204K01XI3,Equity Scheme - Large Cap Fund,118632,Nippon Large Cap,Open Ended Schemes,06-09-2013,12.98020
Nippon Large Cap,118632,Nippon India Mutual Fund,,INF204K01XI3,Equity Scheme - Large Cap Fund,118632,Nippon Large Cap,Open Ended Schemes,05-09-2013,12.81330
Nippon Large Cap,118632,Nippon India Mutual Fund,,INF204K01XI3,Equity Scheme - Large Cap Fund,118632,Nippon Large Cap,Open Ended Schemes,04-09-2013,12.56400
Nippon Large Cap,118632,Nippon India Mutual Fund,,INF204K01XI3,Equity Scheme - Large Cap Fund,118632,Nippon Large Cap,Open Ended Schemes,03-09-2013,12.36690
Nippon Large Cap,118632,Nippon India Mutual Fund,,INF204K01XI3,Equity Scheme - Large Cap Fund,118632,Nippon Large Cap,Open Ended Schemes,02-09-2013,12.79400
Nippon Large Cap,118632,Nippon India Mutual Fund,,INF204K01XI3,Equity Scheme - Large Cap Fund,118632,Nippon Large Cap,Open Ended Schemes,30-08-2013,12.62140
Nippon Large Cap,118632,Nippon India Mutual Fund,,INF204K01XI3,Equity Scheme - Large Cap Fund,118632,Nippon Large Cap,Open Ended Schemes,29-08-2013,12.48480
Nippon Large Cap,118632,Nippon India Mutual Fund,,INF204K01XI3,Equity Scheme - Large Cap Fund,118632,Nippon Large Cap,Open Ended Schemes,28-08-2013,12.24430
Nippon Large Cap,118632,Nippon India Mutual Fund,,INF204K01XI3,Equity Scheme - Large Cap Fund,118632,Nippon Large Cap,Open Ended Schemes,27-08-2013,12.29790
Nippon Large Cap,118632,Nippon India Mutual Fund,,INF204K01XI3,Equity Scheme - Large Cap Fund,118632,Nippon Large Cap,Open Ended Schemes,26-08-2013,12.68060
Nippon Large Cap,118632,Nippon India Mutual Fund,,INF204K01XI3,Equity Scheme - Large Cap Fund,118632,Nippon Large Cap,Open Ended Schemes,23-08-2013,12.57590
Nippon Large Cap,118632,Nippon India Mutual Fund,,INF204K01XI3,Equity Scheme - Large Cap Fund,118632,Nippon Large Cap,Open Ended Schemes,22-08-2013,12.42400
Nippon Large Cap,118632,Nippon India Mutual Fund,,INF204K01XI3,Equity Scheme - Large Cap Fund,118632,Nippon Large Cap,Open Ended Schemes,21-08-2013,12.21910
Nippon Large Cap,118632,Nippon India Mutual Fund,,INF204K01XI3,Equity Scheme - Large Cap Fund,118632,Nippon Large Cap,Open Ended Schemes,20-08-2013,12.41370
Nippon Large Cap,118632,Nippon India Mutual Fund,,INF204K01XI3,Equity Scheme - Large Cap Fund,118632,Nippon Large Cap,Open Ended Schemes,19-08-2013,12.43660
Nippon Large Cap,118632,Nippon India Mutual Fund,,INF204K01XI3,Equity Scheme - Large Cap Fund,118632,Nippon Large Cap,Open Ended Schemes,16-08-2013,12.63490
Nippon Large Cap,118632,Nippon India Mutual Fund,,INF204K01XI3,Equity Scheme - Large Cap Fund,118632,Nippon Large Cap,Open Ended Schemes,14-08-2013,13.08480
Nippon Large Cap,118632,Nippon India Mutual Fund,,INF204K01XI3,Equity Scheme - Large Cap Fund,118632,Nippon Large Cap,Open Ended Schemes,13-08-2013,13.02390
Nippon Large Cap,118632,Nippon India Mutual Fund,,INF204K01XI3,Equity Scheme - Large Cap Fund,118632,Nippon Large Cap,Open Ended Schemes,12-08-2013,12.85150
Nippon Large Cap,118632,Nippon India Mutual Fund,,INF204K01XI3,Equity Scheme - Large Cap Fund,118632,Nippon Large Cap,Open Ended Schemes,08-08-2013,12.72140
Nippon Large Cap,118632,Nippon India Mutual Fund,,INF204K01XI3,Equity Scheme - Large Cap Fund,118632,Nippon Large Cap,Open Ended Schemes,07-08-2013,12.48160
Nippon Large Cap,118632,Nippon India Mutual Fund,,INF204K01XI3,Equity Scheme - Large Cap Fund,118632,Nippon Large Cap,Open Ended Schemes,06-08-2013,12.35880
Nippon Large Cap,118632,Nippon India Mutual Fund,,INF204K01XI3,Equity Scheme - Large Cap Fund,118632,Nippon Large Cap,Open Ended Schemes,05-08-2013,12.71280
Nippon Large Cap,118632,Nippon India Mutual Fund,,INF204K01XI3,Equity Scheme - Large Cap Fund,118632,Nippon Large Cap,Open Ended Schemes,02-08-2013,12.66170
Nippon Large Cap,118632,Nippon India Mutual Fund,,INF204K01XI3,Equity Scheme - Large Cap Fund,118632,Nippon Large Cap,Open Ended Schemes,01-08-2013,12.76600
Nippon Large Cap,118632,Nippon India Mutual Fund,,INF204K01XI3,Equity Scheme - Large Cap Fund,118632,Nippon Large Cap,Open Ended Schemes,31-07-2013,12.90140
Nippon Large Cap,118632,Nippon India Mutual Fund,,INF204K01XI3,Equity Scheme - Large Cap Fund,118632,Nippon Large Cap,Open Ended Schemes,30-07-2013,12.74710
Nippon Large Cap,118632,Nippon India Mutual Fund,,INF204K01XI3,Equity Scheme - Large Cap Fund,118632,Nippon Large Cap,Open Ended Schemes,29-07-2013,13.00330
Nippon Large Cap,118632,Nippon India Mutual Fund,,INF204K01XI3,Equity Scheme - Large Cap Fund,118632,Nippon Large Cap,Open Ended Schemes,26-07-2013,13.07350
Nippon Large Cap,118632,Nippon India Mutual Fund,,INF204K01XI3,Equity Scheme - Large Cap Fund,118632,Nippon Large Cap,Open Ended Schemes,25-07-2013,13.19140
Nippon Large Cap,118632,Nippon India Mutual Fund,,INF204K01XI3,Equity Scheme - Large Cap Fund,118632,Nippon Large Cap,Open Ended Schemes,24-07-2013,13.26160
Nippon Large Cap,118632,Nippon India Mutual Fund,,INF204K01XI3,Equity Scheme - Large Cap Fund,118632,Nippon Large Cap,Open Ended Schemes,23-07-2013,13.51370
Nippon Large Cap,118632,Nippon India Mutual Fund,,INF204K01XI3,Equity Scheme - Large Cap Fund,118632,Nippon Large Cap,Open Ended Schemes,22-07-2013,13.43230
Nippon Large Cap,118632,Nippon India Mutual Fund,,INF204K01XI3,Equity Scheme - Large Cap Fund,118632,Nippon Large Cap,Open Ended Schemes,19-07-2013,13.49100
Nippon Large Cap,118632,Nippon India Mutual Fund,,INF204K01XI3,Equity Scheme - Large Cap Fund,118632,Nippon Large Cap,Open Ended Schemes,18-07-2013,13.52660
Nippon Large Cap,118632,Nippon India Mutual Fund,,INF204K01XI3,Equity Scheme - Large Cap Fund,118632,Nippon Large Cap,Open Ended Schemes,17-07-2013,13.40570
Nippon Large Cap,118632,Nippon India Mutual Fund,,INF204K01XI3,Equity Scheme - Large Cap Fund,118632,Nippon Large Cap,Open Ended Schemes,16-07-2013,13.48260
Nippon Large Cap,118632,Nippon India Mutual Fund,,INF204K01XI3,Equity Scheme - Large Cap Fund,118632,Nippon Large Cap,Open Ended Schemes,15-07-2013,13.68130
Nippon Large Cap,118632,Nippon India Mutual Fund,,INF204K01XI3,Equity Scheme - Large Cap Fund,118632,Nippon Large Cap,Open Ended Schemes,12-07-2013,13.60280
Nippon Large Cap,118632,Nippon India Mutual Fund,,INF204K01XI3,Equity Scheme - Large Cap Fund,118632,Nippon Large Cap,Open Ended Schemes,11-07-2013,13.44250
Nippon Large Cap,118632,Nippon India Mutual Fund,,INF204K01XI3,Equity Scheme - Large Cap Fund,118632,Nippon Large Cap,Open Ended Schemes,10-07-2013,13.25900
Nippon Large Cap,118632,Nippon India Mutual Fund,,INF204K01XI3,Equity Scheme - Large Cap Fund,118632,Nippon Large Cap,Open Ended Schemes,09-07-2013,13.31680
Nippon Large Cap,118632,Nippon India Mutual Fund,,INF204K01XI3,Equity Scheme - Large Cap Fund,118632,Nippon Large Cap,Open Ended Schemes,08-07-2013,13.23140
Nippon Large Cap,118632,Nippon India Mutual Fund,,INF204K01XI3,Equity Scheme - Large Cap Fund,118632,Nippon Large Cap,Open Ended Schemes,05-07-2013,13.40090
Nippon Large Cap,118632,Nippon India Mutual Fund,,INF204K01XI3,Equity Scheme - Large Cap Fund,118632,Nippon Large Cap,Open Ended Schemes,04-07-2013,13.37440
Nippon Large Cap,118632,Nippon India Mutual Fund,,INF204K01XI3,Equity Scheme - Large Cap Fund,118632,Nippon Large Cap,Open Ended Schemes,03-07-2013,13.28080
Nippon Large Cap,118632,Nippon India Mutual Fund,,INF204K01XI3,Equity Scheme - Large Cap Fund,118632,Nippon Large Cap,Open Ended Schemes,02-07-2013,13.52370
Nippon Large Cap,118632,Nippon India Mutual Fund,,INF204K01XI3,Equity Scheme - Large Cap Fund,118632,Nippon Large Cap,Open Ended Schemes,01-07-2013,13.60860
Nippon Large Cap,118632,Nippon India Mutual Fund,,INF204K01XI3,Equity Scheme - Large Cap Fund,118632,Nippon Large Cap,Open Ended Schemes,28-06-2013,13.44500
Nippon Large Cap,118632,Nippon India Mutual Fund,,INF204K01XI3,Equity Scheme - Large Cap Fund,118632,Nippon Large Cap,Open Ended Schemes,27-06-2013,13.11370
Nippon Large Cap,118632,Nippon India Mutual Fund,,INF204K01XI3,Equity Scheme - Large Cap Fund,118632,Nippon Large Cap,Open Ended Schemes,26-06-2013,12.94780
Nippon Large Cap,118632,Nippon India Mutual Fund,,INF204K01XI3,Equity Scheme - Large Cap Fund,118632,Nippon Large Cap,Open Ended Schemes,25-06-2013,12.98390
Nippon Large Cap,118632,Nippon India Mutual Fund,,INF204K01XI3,Equity Scheme - Large Cap Fund,118632,Nippon Large Cap,Open Ended Schemes,24-06-2013,12.97910
Nippon Large Cap,118632,Nippon India Mutual Fund,,INF204K01XI3,Equity Scheme - Large Cap Fund,118632,Nippon Large Cap,Open Ended Schemes,21-06-2013,13.19330
Nippon Large Cap,118632,Nippon India Mutual Fund,,INF204K01XI3,Equity Scheme - Large Cap Fund,118632,Nippon Large Cap,Open Ended Schemes,20-06-2013,13.14200
Nippon Large Cap,118632,Nippon India Mutual Fund,,INF204K01XI3,Equity Scheme - Large Cap Fund,118632,Nippon Large Cap,Open Ended Schemes,19-06-2013,13.46890
Nippon Large Cap,118632,Nippon India Mutual Fund,,INF204K01XI3,Equity Scheme - Large Cap Fund,118632,Nippon Large Cap,Open Ended Schemes,18-06-2013,13.43420
Nippon Large Cap,118632,Nippon India Mutual Fund,,INF204K01XI3,Equity Scheme - Large Cap Fund,118632,Nippon Large Cap,Open Ended Schemes,17-06-2013,13.50240
Nippon Large Cap,118632,Nippon India Mutual Fund,,INF204K01XI3,Equity Scheme - Large Cap Fund,118632,Nippon Large Cap,Open Ended Schemes,14-06-2013,13.45260
Nippon Large Cap,118632,Nippon India Mutual Fund,,INF204K01XI3,Equity Scheme - Large Cap Fund,118632,Nippon Large Cap,Open Ended Schemes,13-06-2013,13.19900
Nippon Large Cap,118632,Nippon India Mutual Fund,,INF204K01XI3,Equity Scheme - Large Cap Fund,118632,Nippon Large Cap,Open Ended Schemes,12-06-2013,13.34080
Nippon Large Cap,118632,Nippon India Mutual Fund,,INF204K01XI3,Equity Scheme - Large Cap Fund,118632,Nippon Large Cap,Open Ended Schemes,11-06-2013,13.37950
Nippon Large Cap,118632,Nippon India Mutual Fund,,INF204K01XI3,Equity Scheme - Large Cap Fund,118632,Nippon Large Cap,Open Ended Schemes,10-06-2013,13.63180
Nippon Large Cap,118632,Nippon India Mutual Fund,,INF204K01XI3,Equity Scheme - Large Cap Fund,118632,Nippon Large Cap,Open Ended Schemes,07-06-2013,13.74360
Nippon Large Cap,118632,Nippon India Mutual Fund,,INF204K01XI3,Equity Scheme - Large Cap Fund,118632,Nippon Large Cap,Open Ended Schemes,06-06-2013,13.86930
Nippon Large Cap,118632,Nippon India Mutual Fund,,INF204K01XI3,Equity Scheme - Large Cap Fund,118632,Nippon Large Cap,Open Ended Schemes,05-06-2013,13.87960
Nippon Large Cap,118632,Nippon India Mutual Fund,,INF204K01XI3,Equity Scheme - Large Cap Fund,118632,Nippon Large Cap,Open Ended Schemes,04-06-2013,13.85280
Nippon Large Cap,118632,Nippon India Mutual Fund,,INF204K01XI3,Equity Scheme - Large Cap Fund,118632,Nippon Large Cap,Open Ended Schemes,03-06-2013,13.83930
Nippon Large Cap,118632,Nippon India Mutual Fund,,INF204K01XI3,Equity Scheme - Large Cap Fund,118632,Nippon Large Cap,Open Ended Schemes,31-05-2013,13.91640
Nippon Large Cap,118632,Nippon India Mutual Fund,,INF204K01XI3,Equity Scheme - Large Cap Fund,118632,Nippon Large Cap,Open Ended Schemes,30-05-2013,14.11080
Nippon Large Cap,118632,Nippon India Mutual Fund,,INF204K01XI3,Equity Scheme - Large Cap Fund,118632,Nippon Large Cap,Open Ended Schemes,29-05-2013,14.15210
Nippon Large Cap,118632,Nippon India Mutual Fund,,INF204K01XI3,Equity Scheme - Large Cap Fund,118632,Nippon Large Cap,Open Ended Schemes,28-05-2013,14.22410
Nippon Large Cap,118632,Nippon India Mutual Fund,,INF204K01XI3,Equity Scheme - Large Cap Fund,118632,Nippon Large Cap,Open Ended Schemes,27-05-2013,14.14680
Nippon Large Cap,118632,Nippon India Mutual Fund,,INF204K01XI3,Equity Scheme - Large Cap Fund,118632,Nippon Large Cap,Open Ended Schemes,24-05-2013,13.97410
Nippon Large Cap,118632,Nippon India Mutual Fund,,INF204K01XI3,Equity Scheme - Large Cap Fund,118632,Nippon Large Cap,Open Ended Schemes,23-05-2013,13.92750
Nippon Large Cap,118632,Nippon India Mutual Fund,,INF204K01XI3,Equity Scheme - Large Cap Fund,118632,Nippon Large Cap,Open Ended Schemes,22-05-2013,14.28040
Nippon Large Cap,118632,Nippon India Mutual Fund,,INF204K01XI3,Equity Scheme - Large Cap Fund,118632,Nippon Large Cap,Open Ended Schemes,21-05-2013,14.39500
Nippon Large Cap,118632,Nippon India Mutual Fund,,INF204K01XI3,Equity Scheme - Large Cap Fund,118632,Nippon Large Cap,Open Ended Schemes,20-05-2013,14.50750
Nippon Large Cap,118632,Nippon India Mutual Fund,,INF204K01XI3,Equity Scheme - Large Cap Fund,118632,Nippon Large Cap,Open Ended Schemes,17-05-2013,14.65180
Nippon Large Cap,118632,Nippon India Mutual Fund,,INF204K01XI3,Equity Scheme - Large Cap Fund,118632,Nippon Large Cap,Open Ended Schemes,16-05-2013,14.58770
Nippon Large Cap,118632,Nippon India Mutual Fund,,INF204K01XI3,Equity Scheme - Large Cap Fund,118632,Nippon Large Cap,Open Ended Schemes,15-05-2013,14.52760
Nippon Large Cap,118632,Nippon India Mutual Fund,,INF204K01XI3,Equity Scheme - Large Cap Fund,118632,Nippon Large Cap,Open Ended Schemes,14-05-2013,14.22310
Nippon Large Cap,118632,Nippon India Mutual Fund,,INF204K01XI3,Equity Scheme - Large Cap Fund,118632,Nippon Large Cap,Open Ended Schemes,13-05-2013,14.14320
Nippon Large Cap,118632,Nippon India Mutual Fund,,INF204K01XI3,Equity Scheme - Large Cap Fund,118632,Nippon Large Cap,Open Ended Schemes,10-05-2013,14.37310
Nippon Large Cap,118632,Nippon India Mutual Fund,,INF204K01XI3,Equity Scheme - Large Cap Fund,118632,Nippon Large Cap,Open Ended Schemes,09-05-2013,14.28640
Nippon Large Cap,118632,Nippon India Mutual Fund,,INF204K01XI3,Equity Scheme - Large Cap Fund,118632,Nippon Large Cap,Open Ended Schemes,08-05-2013,14.35180
Nippon Large Cap,118632,Nippon India Mutual Fund,,INF204K01XI3,Equity Scheme - Large Cap Fund,118632,Nippon Large Cap,Open Ended Schemes,07-05-2013,14.38520
Nippon Large Cap,118632,Nippon India Mutual Fund,,INF204K01XI3,Equity Scheme - Large Cap Fund,118632,Nippon Large Cap,Open Ended Schemes,06-05-2013,14.23560
Nippon Large Cap,118632,Nippon India Mutual Fund,,INF204K01XI3,Equity Scheme - Large Cap Fund,118632,Nippon Large Cap,Open Ended Schemes,03-05-2013,14.11150
Nippon Large Cap,118632,Nippon India Mutual Fund,,INF204K01XI3,Equity Scheme - Large Cap Fund,118632,Nippon Large Cap,Open Ended Schemes,02-05-2013,14.22900
Nippon Large Cap,118632,Nippon India Mutual Fund,,INF204K01XI3,Equity Scheme - Large Cap Fund,118632,Nippon Large Cap,Open Ended Schemes,30-04-2013,14.10860
Nippon Large Cap,118632,Nippon India Mutual Fund,,INF204K01XI3,Equity Scheme - Large Cap Fund,118632,Nippon Large Cap,Open Ended Schemes,29-04-2013,14.10840
Nippon Large Cap,118632,Nippon India Mutual Fund,,INF204K01XI3,Equity Scheme - Large Cap Fund,118632,Nippon Large Cap,Open Ended Schemes,26-04-2013,14.05310
Nippon Large Cap,118632,Nippon India Mutual Fund,,INF204K01XI3,Equity Scheme - Large Cap Fund,118632,Nippon Large Cap,Open Ended Schemes,25-04-2013,14.05930
Nippon Large Cap,118632,Nippon India Mutual Fund,,INF204K01XI3,Equity Scheme - Large Cap Fund,118632,Nippon Large Cap,Open Ended Schemes,23-04-2013,13.98290
Nippon Large Cap,118632,Nippon India Mutual Fund,,INF204K01XI3,Equity Scheme - Large Cap Fund,118632,Nippon Large Cap,Open Ended Schemes,22-04-2013,14.04310
Nippon Large Cap,118632,Nippon India Mutual Fund,,INF204K01XI3,Equity Scheme - Large Cap Fund,118632,Nippon Large Cap,Open Ended Schemes,18-04-2013,13.91670
Nippon Large Cap,118632,Nippon India Mutual Fund,,INF204K01XI3,Equity Scheme - Large Cap Fund,118632,Nippon Large Cap,Open Ended Schemes,17-04-2013,13.71070
Nippon Large Cap,118632,Nippon India Mutual Fund,,INF204K01XI3,Equity Scheme - Large Cap Fund,118632,Nippon Large Cap,Open Ended Schemes,16-04-2013,13.70550
Nippon Large Cap,118632,Nippon India Mutual Fund,,INF204K01XI3,Equity Scheme - Large Cap Fund,118632,Nippon Large Cap,Open Ended Schemes,15-04-2013,13.45360
Nippon Large Cap,118632,Nippon India Mutual Fund,,INF204K01XI3,Equity Scheme - Large Cap Fund,118632,Nippon Large Cap,Open Ended Schemes,12-04-2013,13.36350
Nippon Large Cap,118632,Nippon India Mutual Fund,,INF204K01XI3,Equity Scheme - Large Cap Fund,118632,Nippon Large Cap,Open Ended Schemes,11-04-2013,13.53160
Nippon Large Cap,118632,Nippon India Mutual Fund,,INF204K01XI3,Equity Scheme - Large Cap Fund,118632,Nippon Large Cap,Open Ended Schemes,10-04-2013,13.45790
Nippon Large Cap,118632,Nippon India Mutual Fund,,INF204K01XI3,Equity Scheme - Large Cap Fund,118632,Nippon Large Cap,Open Ended Schemes,09-04-2013,13.32660
Nippon Large Cap,118632,Nippon India Mutual Fund,,INF204K01XI3,Equity Scheme - Large Cap Fund,118632,Nippon Large Cap,Open Ended Schemes,08-04-2013,13.45260
Nippon Large Cap,118632,Nippon India Mutual Fund,,INF204K01XI3,Equity Scheme - Large Cap Fund,118632,Nippon Large Cap,Open Ended Schemes,05-04-2013,13.47820
Nippon Large Cap,118632,Nippon India Mutual Fund,,INF204K01XI3,Equity Scheme - Large Cap Fund,118632,Nippon Large Cap,Open Ended Schemes,04-04-2013,13.41670
Nippon Large Cap,118632,Nippon India Mutual Fund,,INF204K01XI3,Equity Scheme - Large Cap Fund,118632,Nippon Large Cap,Open Ended Schemes,03-04-2013,13.65490
Nippon Large Cap,118632,Nippon India Mutual Fund,,INF204K01XI3,Equity Scheme - Large Cap Fund,118632,Nippon Large Cap,Open Ended Schemes,02-04-2013,13.81240
Nippon Large Cap,118632,Nippon India Mutual Fund,,INF204K01XI3,Equity Scheme - Large Cap Fund,118632,Nippon Large Cap,Open Ended Schemes,01-04-2013,13.63240
Nippon Large Cap,118632,Nippon India Mutual Fund,,INF204K01XI3,Equity Scheme - Large Cap Fund,118632,Nippon Large Cap,Open Ended Schemes,28-03-2013,13.57800
Nippon Large Cap,118632,Nippon India Mutual Fund,,INF204K01XI3,Equity Scheme - Large Cap Fund,118632,Nippon Large Cap,Open Ended Schemes,26-03-2013,13.47720
Nippon Large Cap,118632,Nippon India Mutual Fund,,INF204K01XI3,Equity Scheme - Large Cap Fund,118632,Nippon Large Cap,Open Ended Schemes,25-03-2013,13.40020
Nippon Large Cap,118632,Nippon India Mutual Fund,,INF204K01XI3,Equity Scheme - Large Cap Fund,118632,Nippon Large Cap,Open Ended Schemes,22-03-2013,13.45630
Nippon Large Cap,118632,Nippon India Mutual Fund,,INF204K01XI3,Equity Scheme - Large Cap Fund,118632,Nippon Large Cap,Open Ended Schemes,21-03-2013,13.49080
Nippon Large Cap,118632,Nippon India Mutual Fund,,INF204K01XI3,Equity Scheme - Large Cap Fund,118632,Nippon Large Cap,Open Ended Schemes,20-03-2013,13.48660
Nippon Large Cap,118632,Nippon India Mutual Fund,,INF204K01XI3,Equity Scheme - Large Cap Fund,118632,Nippon Large Cap,Open Ended Schemes,19-03-2013,13.71010
Nippon Large Cap,118632,Nippon India Mutual Fund,,INF204K01XI3,Equity Scheme - Large Cap Fund,118632,Nippon Large Cap,Open Ended Schemes,18-03-2013,13.96880
Nippon Large Cap,118632,Nippon India Mutual Fund,,INF204K01XI3,Equity Scheme - Large Cap Fund,118632,Nippon Large Cap,Open Ended Schemes,15-03-2013,14.05740
Nippon Large Cap,118632,Nippon India Mutual Fund,,INF204K01XI3,Equity Scheme - Large Cap Fund,118632,Nippon Large Cap,Open Ended Schemes,14-03-2013,14.13210
Nippon Large Cap,118632,Nippon India Mutual Fund,,INF204K01XI3,Equity Scheme - Large Cap Fund,118632,Nippon Large Cap,Open Ended Schemes,13-03-2013,13.95860
Nippon Large Cap,118632,Nippon India Mutual Fund,,INF204K01XI3,Equity Scheme - Large Cap Fund,118632,Nippon Large Cap,Open Ended Schemes,12-03-2013,14.16460
Nippon Large Cap,118632,Nippon India Mutual Fund,,INF204K01XI3,Equity Scheme - Large Cap Fund,118632,Nippon Large Cap,Open Ended Schemes,11-03-2013,14.22650
Nippon Large Cap,118632,Nippon India Mutual Fund,,INF204K01XI3,Equity Scheme - Large Cap Fund,118632,Nippon Large Cap,Open Ended Schemes,08-03-2013,14.27330
Nippon Large Cap,118632,Nippon India Mutual Fund,,INF204K01XI3,Equity Scheme - Large Cap Fund,118632,Nippon Large Cap,Open Ended Schemes,07-03-2013,14.13680
Nippon Large Cap,118632,Nippon India Mutual Fund,,INF204K01XI3,Equity Scheme - Large Cap Fund,118632,Nippon Large Cap,Open Ended Schemes,06-03-2013,14.07790
Nippon Large Cap,118632,Nippon India Mutual Fund,,INF204K01XI3,Equity Scheme - Large Cap Fund,118632,Nippon Large Cap,Open Ended Schemes,05-03-2013,13.98070
Nippon Large Cap,118632,Nippon India Mutual Fund,,INF204K01XI3,Equity Scheme - Large Cap Fund,118632,Nippon Large Cap,Open Ended Schemes,04-03-2013,13.75770
Nippon Large Cap,118632,Nippon India Mutual Fund,,INF204K01XI3,Equity Scheme - Large Cap Fund,118632,Nippon Large Cap,Open Ended Schemes,01-03-2013,13.82470
Nippon Large Cap,118632,Nippon India Mutual Fund,,INF204K01XI3,Equity Scheme - Large Cap Fund,118632,Nippon Large Cap,Open Ended Schemes,28-02-2013,13.71740
Nippon Large Cap,118632,Nippon India Mutual Fund,,INF204K01XI3,Equity Scheme - Large Cap Fund,118632,Nippon Large Cap,Open Ended Schemes,27-02-2013,13.98730
Nippon Large Cap,118632,Nippon India Mutual Fund,,INF204K01XI3,Equity Scheme - Large Cap Fund,118632,Nippon Large Cap,Open Ended Schemes,26-02-2013,13.88730
Nippon Large Cap,118632,Nippon India Mutual Fund,,INF204K01XI3,Equity Scheme - Large Cap Fund,118632,Nippon Large Cap,Open Ended Schemes,25-02-2013,14.08280
Nippon Large Cap,118632,Nippon India Mutual Fund,,INF204K01XI3,Equity Scheme - Large Cap Fund,118632,Nippon Large Cap,Open Ended Schemes,22-02-2013,14.09850
Nippon Large Cap,118632,Nippon India Mutual Fund,,INF204K01XI3,Equity Scheme - Large Cap Fund,118632,Nippon Large Cap,Open Ended Schemes,21-02-2013,14.06790
Nippon Large Cap,118632,Nippon India Mutual Fund,,INF204K01XI3,Equity Scheme - Large Cap Fund,118632,Nippon Large Cap,Open Ended Schemes,20-02-2013,14.27820
Nippon Large Cap,118632,Nippon India Mutual Fund,,INF204K01XI3,Equity Scheme - Large Cap Fund,118632,Nippon Large Cap,Open Ended Schemes,19-02-2013,14.29260
Nippon Large Cap,118632,Nippon India Mutual Fund,,INF204K01XI3,Equity Scheme - Large Cap Fund,118632,Nippon Large Cap,Open Ended Schemes,18-02-2013,14.18430
Nippon Large Cap,118632,Nippon India Mutual Fund,,INF204K01XI3,Equity Scheme - Large Cap Fund,118632,Nippon Large Cap,Open Ended Schemes,15-02-2013,14.13640
Nippon Large Cap,118632,Nippon India Mutual Fund,,INF204K01XI3,Equity Scheme - Large Cap Fund,118632,Nippon Large Cap,Open Ended Schemes,14-02-2013,14.15410
Nippon Large Cap,118632,Nippon India Mutual Fund,,INF204K01XI3,Equity Scheme - Large Cap Fund,118632,Nippon Large Cap,Open Ended Schemes,13-02-2013,14.36170
Nippon Large Cap,118632,Nippon India Mutual Fund,,INF204K01XI3,Equity Scheme - Large Cap Fund,118632,Nippon Large Cap,Open Ended Schemes,12-02-2013,14.32980
Nippon Large Cap,118632,Nippon India Mutual Fund,,INF204K01XI3,Equity Scheme - Large Cap Fund,118632,Nippon Large Cap,Open Ended Schemes,11-02-2013,14.29080
Nippon Large Cap,118632,Nippon India Mutual Fund,,INF204K01XI3,Equity Scheme - Large Cap Fund,118632,Nippon Large Cap,Open Ended Schemes,08-02-2013,14.32120
Nippon Large Cap,118632,Nippon India Mutual Fund,,INF204K01XI3,Equity Scheme - Large Cap Fund,118632,Nippon Large Cap,Open Ended Schemes,07-02-2013,14.40480
Nippon Large Cap,118632,Nippon India Mutual Fund,,INF204K01XI3,Equity Scheme - Large Cap Fund,118632,Nippon Large Cap,Open Ended Schemes,06-02-2013,14.47750
Nippon Large Cap,118632,Nippon India Mutual Fund,,INF204K01XI3,Equity Scheme - Large Cap Fund,118632,Nippon Large Cap,Open Ended Schemes,05-02-2013,14.43130
Nippon Large Cap,118632,Nippon India Mutual Fund,,INF204K01XI3,Equity Scheme - Large Cap Fund,118632,Nippon Large Cap,Open Ended Schemes,04-02-2013,14.54790
Nippon Large Cap,118632,Nippon India Mutual Fund,,INF204K01XI3,Equity Scheme - Large Cap Fund,118632,Nippon Large Cap,Open Ended Schemes,01-02-2013,14.56710
Nippon Large Cap,118632,Nippon India Mutual Fund,,INF204K01XI3,Equity Scheme - Large Cap Fund,118632,Nippon Large Cap,Open Ended Schemes,31-01-2013,14.61790
Nippon Large Cap,118632,Nippon India Mutual Fund,,INF204K01XI3,Equity Scheme - Large Cap Fund,118632,Nippon Large Cap,Open Ended Schemes,30-01-2013,14.65830
Nippon Large Cap,118632,Nippon India Mutual Fund,,INF204K01XI3,Equity Scheme - Large Cap Fund,118632,Nippon Large Cap,Open Ended Schemes,29-01-2013,14.68100
Nippon Large Cap,118632,Nippon India Mutual Fund,,INF204K01XI3,Equity Scheme - Large Cap Fund,118632,Nippon Large Cap,Open Ended Schemes,28-01-2013,14.77370
Nippon Large Cap,118632,Nippon India Mutual Fund,,INF204K01XI3,Equity Scheme - Large Cap Fund,118632,Nippon Large Cap,Open Ended Schemes,25-01-2013,14.76050
Nippon Large Cap,118632,Nippon India Mutual Fund,,INF204K01XI3,Equity Scheme - Large Cap Fund,118632,Nippon Large Cap,Open Ended Schemes,24-01-2013,14.62260
Nippon Large Cap,118632,Nippon India Mutual Fund,,INF204K01XI3,Equity Scheme - Large Cap Fund,118632,Nippon Large Cap,Open Ended Schemes,23-01-2013,14.79860
Nippon Large Cap,118632,Nippon India Mutual Fund,,INF204K01XI3,Equity Scheme - Large Cap Fund,118632,Nippon Large Cap,Open Ended Schemes,22-01-2013,14.85740
Nippon Large Cap,118632,Nippon India Mutual Fund,,INF204K01XI3,Equity Scheme - Large Cap Fund,118632,Nippon Large Cap,Open Ended Schemes,21-01-2013,14.92850
Nippon Large Cap,118632,Nippon India Mutual Fund,,INF204K01XI3,Equity Scheme - Large Cap Fund,118632,Nippon Large Cap,Open Ended Schemes,18-01-2013,14.86540
Nippon Large Cap,118632,Nippon India Mutual Fund,,INF204K01XI3,Equity Scheme - Large Cap Fund,118632,Nippon Large Cap,Open Ended Schemes,17-01-2013,14.77030
Nippon Large Cap,118632,Nippon India Mutual Fund,,INF204K01XI3,Equity Scheme - Large Cap Fund,118632,Nippon Large Cap,Open Ended Schemes,16-01-2013,14.68760
Nippon Large Cap,118632,Nippon India Mutual Fund,,INF204K01XI3,Equity Scheme - Large Cap Fund,118632,Nippon Large Cap,Open Ended Schemes,15-01-2013,14.83150
Nippon Large Cap,118632,Nippon India Mutual Fund,,INF204K01XI3,Equity Scheme - Large Cap Fund,118632,Nippon Large Cap,Open Ended Schemes,14-01-2013,14.78440
Nippon Large Cap,118632,Nippon India Mutual Fund,,INF204K01XI3,Equity Scheme - Large Cap Fund,118632,Nippon Large Cap,Open Ended Schemes,11-01-2013,14.64210
Nippon Large Cap,118632,Nippon India Mutual Fund,,INF204K01XI3,Equity Scheme - Large Cap Fund,118632,Nippon Large Cap,Open Ended Schemes,10-01-2013,14.67840
Nippon Large Cap,118632,Nippon India Mutual Fund,,INF204K01XI3,Equity Scheme - Large Cap Fund,118632,Nippon Large Cap,Open Ended Schemes,09-01-2013,14.72490
Nippon Large Cap,118632,Nippon India Mutual Fund,,INF204K01XI3,Equity Scheme - Large Cap Fund,118632,Nippon Large Cap,Open Ended Schemes,08-01-2013,14.71970
Nippon Large Cap,118632,Nippon India Mutual Fund,,INF204K01XI3,Equity Scheme - Large Cap Fund,118632,Nippon Large Cap,Open Ended Schemes,07-01-2013,14.77180
Nippon Large Cap,118632,Nippon India Mutual Fund,,INF204K01XI3,Equity Scheme - Large Cap Fund,118632,Nippon Large Cap,Open Ended Schemes,04-01-2013,14.80370
Nippon Large Cap,118632,Nippon India Mutual Fund,,INF204K01XI3,Equity Scheme - Large Cap Fund,118632,Nippon Large Cap,Open Ended Schemes,03-01-2013,14.73050
Nippon Large Cap,118632,Nippon India Mutual Fund,,INF204K01XI3,Equity Scheme - Large Cap Fund,118632,Nippon Large Cap,Open Ended Schemes,02-01-2013,14.69670
